SPL log data saved by REW V5.20.4
Soundcard cal: 
Mic/meter cal: 
SPL cal offset: 123.11048583984375 dB
High Pass Filter: Off
Date: Mar 4, 2022 11:47:51 AM
Start: 1646394471402
Log length: 516 entries over 88.1s
Log interval: 0.17066666666666666 seconds

Time[s] LCS LCSMin LCSMax LZpeak LCeq LCE LCeq1m LCeq10m
0.171 36.6 36.6 37.1 50.9 36.6 28.9 36.6 36.6 11:47:51.171
0.341 36.7 36.6 37.1 50.9 36.9 32.2 36.9 36.9 11:47:51.341
0.512 37.0 36.6 37.1 52.8 37.5 34.6 37.5 37.5 11:47:51.512
0.683 36.9 36.6 37.1 52.8 37.4 35.7 37.4 37.4 11:47:51.683
0.853 36.1 36.1 37.1 52.8 37.1 36.4 37.1 37.1 11:47:51.853
1.024 36.0 36.0 37.1 52.8 37.1 37.2 37.1 37.1 11:47:52.024
1.195 36.3 36.0 37.1 52.8 37.2 37.9 37.2 37.2 11:47:52.195
1.365 36.4 36.0 37.1 52.8 37.2 38.5 37.2 37.2 11:47:52.365
1.536 36.1 36.0 37.1 52.8 37.1 38.9 37.1 37.1 11:47:52.536
1.707 36.0 36.0 37.1 52.8 37.0 39.4 37.0 37.0 11:47:52.707
1.877 36.3 36.0 37.1 52.8 37.1 39.8 37.1 37.1 11:47:52.877
2.048 37.4 36.0 37.5 58.4 38.0 41.1 38.0 38.0 11:47:53.048
2.219 40.5 36.0 40.5 65.9 41.3 44.8 41.3 41.3 11:47:53.219
2.389 41.7 36.0 41.7 65.9 42.0 45.8 42.0 42.0 11:47:53.389
2.560 41.2 36.0 41.7 65.9 42.0 46.0 42.0 42.0 11:47:53.560
2.731 40.5 36.0 41.7 65.9 41.8 46.2 41.8 41.8 11:47:53.731
2.901 39.8 36.0 41.7 65.9 41.7 46.3 41.7 41.7 11:47:53.901
3.072 39.0 36.0 41.7 65.9 41.5 46.4 41.5 41.5 11:47:54.072
3.243 38.3 36.0 41.7 65.9 41.4 46.5 41.4 41.4 11:47:54.243
3.413 37.6 36.0 41.7 65.9 41.2 46.6 41.2 41.2 11:47:54.413
3.584 36.8 36.0 41.7 65.9 41.1 46.6 41.1 41.1 11:47:54.584
3.755 36.3 36.0 41.7 65.9 40.9 46.7 40.9 40.9 11:47:54.755
3.925 35.8 35.8 41.7 65.9 40.8 46.7 40.8 40.8 11:47:54.925
4.096 35.7 35.6 41.7 65.9 40.7 46.8 40.7 40.7 11:47:55.096
4.267 35.3 35.3 41.7 65.9 40.5 46.8 40.5 40.5 11:47:55.267
4.437 35.2 35.2 41.7 65.9 40.4 46.9 40.4 40.4 11:47:55.437
4.608 35.2 35.1 41.7 65.9 40.3 47.0 40.3 40.3 11:47:55.608
4.779 35.4 35.1 41.7 65.9 40.2 47.0 40.2 40.2 11:47:55.779
4.949 35.5 35.1 41.7 65.9 40.2 47.1 40.2 40.2 11:47:55.949
5.120 35.4 35.1 41.7 65.9 40.1 47.2 40.1 40.1 11:47:56.120
5.291 35.6 35.1 41.7 65.9 40.0 47.2 40.0 40.0 11:47:56.291
5.461 35.6 35.1 41.7 65.9 39.9 47.3 39.9 39.9 11:47:56.461
5.632 35.4 35.1 41.7 65.9 39.8 47.3 39.8 39.8 11:47:56.632
5.803 35.2 35.1 41.7 65.9 39.7 47.4 39.7 39.7 11:47:56.803
5.973 35.0 34.9 41.7 65.9 39.7 47.4 39.7 39.7 11:47:56.973
6.144 35.1 34.9 41.7 65.9 39.6 47.5 39.6 39.6 11:47:57.144
6.315 35.4 34.9 41.7 65.9 39.5 47.5 39.5 39.5 11:47:57.315
6.485 34.8 34.8 41.7 65.9 39.5 47.6 39.5 39.5 11:47:57.485
6.656 34.9 34.8 41.7 65.9 39.4 47.6 39.4 39.4 11:47:57.656
6.827 34.4 34.4 41.7 65.9 39.3 47.7 39.3 39.3 11:47:57.827
6.997 34.7 34.4 41.7 65.9 39.3 47.7 39.3 39.3 11:47:57.997
7.168 34.6 34.4 41.7 65.9 39.2 47.8 39.2 39.2 11:47:58.168
7.339 34.5 34.4 41.7 65.9 39.1 47.8 39.1 39.1 11:47:58.339
7.509 34.5 34.4 41.7 65.9 39.1 47.8 39.1 39.1 11:47:58.509
7.680 34.5 34.4 41.7 65.9 39.0 47.9 39.0 39.0 11:47:58.680
7.851 34.3 34.3 41.7 65.9 38.9 47.9 38.9 38.9 11:47:58.851
8.021 34.2 34.0 41.7 65.9 38.9 47.9 38.9 38.9 11:47:59.021
8.192 34.1 34.0 41.7 65.9 38.8 48.0 38.8 38.8 11:47:59.192
8.363 33.7 33.7 41.7 65.9 38.8 48.0 38.8 38.8 11:47:59.363
8.533 33.9 33.7 41.7 65.9 38.7 48.0 38.7 38.7 11:47:59.533
8.704 34.2 33.7 41.7 65.9 38.7 48.1 38.7 38.7 11:47:59.704
8.875 34.4 33.7 41.7 65.9 38.6 48.1 38.6 38.6 11:47:59.875
9.045 34.4 33.7 41.7 65.9 38.6 48.2 38.6 38.6 11:48:00.045
9.216 34.5 33.7 41.7 65.9 38.5 48.2 38.5 38.5 11:48:00.216
9.387 34.6 33.7 41.7 65.9 38.5 48.2 38.5 38.5 11:48:00.387
9.557 34.8 33.7 41.7 65.9 38.5 48.3 38.5 38.5 11:48:00.557
9.728 34.8 33.7 41.7 65.9 38.4 48.3 38.4 38.4 11:48:00.728
9.899 34.8 33.7 41.7 65.9 38.4 48.3 38.4 38.4 11:48:00.899
10.069 34.9 33.7 41.7 65.9 38.4 48.4 38.4 38.4 11:48:01.069
10.240 35.1 33.7 41.7 65.9 38.3 48.4 38.3 38.3 11:48:01.240
10.411 35.0 33.7 41.7 65.9 38.3 48.5 38.3 38.3 11:48:01.411
10.581 34.9 33.7 41.7 65.9 38.3 48.5 38.3 38.3 11:48:01.581
10.752 34.2 33.7 41.7 65.9 38.2 48.5 38.2 38.2 11:48:01.752
10.923 34.3 33.7 41.7 65.9 38.2 48.6 38.2 38.2 11:48:01.923
11.093 34.6 33.7 41.7 65.9 38.2 48.6 38.2 38.2 11:48:02.093
11.264 34.7 33.7 41.7 65.9 38.1 48.6 38.1 38.1 11:48:02.264
11.435 34.2 33.7 41.7 65.9 38.1 48.7 38.1 38.1 11:48:02.435
11.605 34.4 33.7 41.7 65.9 38.1 48.7 38.1 38.1 11:48:02.605
11.776 34.1 33.7 41.7 65.9 38.0 48.7 38.0 38.0 11:48:02.776
11.947 34.0 33.7 41.7 65.9 38.0 48.8 38.0 38.0 11:48:02.947
12.117 34.3 33.7 41.7 65.9 38.0 48.8 38.0 38.0 11:48:03.117
12.288 34.5 33.7 41.7 65.9 37.9 48.8 37.9 37.9 11:48:03.288
12.459 34.4 33.7 41.7 65.9 37.9 48.9 37.9 37.9 11:48:03.459
12.629 34.5 33.7 41.7 65.9 37.9 48.9 37.9 37.9 11:48:03.629
12.800 34.4 33.7 41.7 65.9 37.9 48.9 37.9 37.9 11:48:03.800
12.971 34.6 33.7 41.7 65.9 37.8 49.0 37.8 37.8 11:48:03.971
13.141 34.3 33.7 41.7 65.9 37.8 49.0 37.8 37.8 11:48:04.141
13.312 34.1 33.7 41.7 65.9 37.8 49.0 37.8 37.8 11:48:04.312
13.483 33.9 33.7 41.7 65.9 37.7 49.0 37.7 37.7 11:48:04.483
13.653 34.2 33.7 41.7 65.9 37.7 49.1 37.7 37.7 11:48:04.653
13.824 33.9 33.7 41.7 65.9 37.7 49.1 37.7 37.7 11:48:04.824
13.995 33.8 33.6 41.7 65.9 37.7 49.1 37.7 37.7 11:48:04.995
14.165 33.7 33.6 41.7 65.9 37.6 49.1 37.6 37.6 11:48:05.165
14.336 34.0 33.6 41.7 65.9 37.6 49.2 37.6 37.6 11:48:05.336
14.507 34.0 33.6 41.7 65.9 37.6 49.2 37.6 37.6 11:48:05.507
14.677 33.7 33.6 41.7 65.9 37.5 49.2 37.5 37.5 11:48:05.677
14.848 33.6 33.6 41.7 65.9 37.5 49.2 37.5 37.5 11:48:05.848
15.019 33.2 33.2 41.7 65.9 37.5 49.3 37.5 37.5 11:48:06.019
15.189 33.4 33.2 41.7 65.9 37.5 49.3 37.5 37.5 11:48:06.189
15.360 33.7 33.2 41.7 65.9 37.4 49.3 37.4 37.4 11:48:06.360
15.531 33.7 33.2 41.7 65.9 37.4 49.3 37.4 37.4 11:48:06.531
15.701 33.8 33.2 41.7 65.9 37.4 49.4 37.4 37.4 11:48:06.701
15.872 34.0 33.2 41.7 65.9 37.4 49.4 37.4 37.4 11:48:06.872
16.043 33.7 33.2 41.7 65.9 37.4 49.4 37.4 37.4 11:48:07.043
16.213 33.9 33.2 41.7 65.9 37.3 49.4 37.3 37.3 11:48:07.213
16.384 34.1 33.2 41.7 65.9 37.3 49.5 37.3 37.3 11:48:07.384
16.555 34.3 33.2 41.7 65.9 37.3 49.5 37.3 37.3 11:48:07.555
16.725 33.9 33.2 41.7 65.9 37.3 49.5 37.3 37.3 11:48:07.725
16.896 33.8 33.2 41.7 65.9 37.2 49.5 37.2 37.2 11:48:07.896
17.067 33.7 33.2 41.7 65.9 37.2 49.5 37.2 37.2 11:48:08.067
17.237 33.8 33.2 41.7 65.9 37.2 49.6 37.2 37.2 11:48:08.237
17.408 34.0 33.2 41.7 65.9 37.2 49.6 37.2 37.2 11:48:08.408
17.579 34.1 33.2 41.7 65.9 37.2 49.6 37.2 37.2 11:48:08.579
17.749 34.2 33.2 41.7 65.9 37.2 49.6 37.2 37.2 11:48:08.749
17.920 33.8 33.2 41.7 65.9 37.1 49.7 37.1 37.1 11:48:08.920
18.091 33.7 33.2 41.7 65.9 37.1 49.7 37.1 37.1 11:48:09.091
18.261 33.8 33.2 41.7 65.9 37.1 49.7 37.1 37.1 11:48:09.261
18.432 34.1 33.2 41.7 65.9 37.1 49.7 37.1 37.1 11:48:09.432
18.603 34.0 33.2 41.7 65.9 37.1 49.8 37.1 37.1 11:48:09.603
18.773 34.0 33.2 41.7 65.9 37.0 49.8 37.0 37.0 11:48:09.773
18.944 33.9 33.2 41.7 65.9 37.0 49.8 37.0 37.0 11:48:09.944
19.115 33.8 33.2 41.7 65.9 37.0 49.8 37.0 37.0 11:48:10.115
19.285 34.0 33.2 41.7 65.9 37.0 49.9 37.0 37.0 11:48:10.285
19.456 34.2 33.2 41.7 65.9 37.0 49.9 37.0 37.0 11:48:10.456
19.627 33.4 33.2 41.7 65.9 37.0 49.9 37.0 37.0 11:48:10.627
19.797 33.4 33.2 41.7 65.9 36.9 49.9 36.9 36.9 11:48:10.797
19.968 33.6 33.2 41.7 65.9 36.9 49.9 36.9 36.9 11:48:10.968
20.139 33.8 33.2 41.7 65.9 36.9 50.0 36.9 36.9 11:48:11.139
20.309 34.1 33.2 41.7 65.9 36.9 50.0 36.9 36.9 11:48:11.309
20.480 33.8 33.2 41.7 65.9 36.9 50.0 36.9 36.9 11:48:11.480
20.651 33.8 33.2 41.7 65.9 36.9 50.0 36.9 36.9 11:48:11.651
20.821 33.7 33.2 41.7 65.9 36.9 50.0 36.9 36.9 11:48:11.821
20.992 34.0 33.2 41.7 65.9 36.8 50.1 36.8 36.8 11:48:11.992
21.163 34.0 33.2 41.7 65.9 36.8 50.1 36.8 36.8 11:48:12.163
21.333 33.7 33.2 41.7 65.9 36.8 50.1 36.8 36.8 11:48:12.333
21.504 33.3 33.2 41.7 65.9 36.8 50.1 36.8 36.8 11:48:12.504
21.675 34.0 33.2 41.7 65.9 36.8 50.2 36.8 36.8 11:48:12.675
21.845 34.1 33.2 41.7 65.9 36.8 50.2 36.8 36.8 11:48:12.845
22.016 33.5 33.2 41.7 65.9 36.8 50.2 36.8 36.8 11:48:13.016
22.187 33.4 33.2 41.7 65.9 36.7 50.2 36.7 36.7 11:48:13.187
22.357 33.3 33.2 41.7 65.9 36.7 50.2 36.7 36.7 11:48:13.357
22.528 33.1 33.1 41.7 65.9 36.7 50.2 36.7 36.7 11:48:13.528
22.699 33.6 33.1 41.7 65.9 36.7 50.3 36.7 36.7 11:48:13.699
22.869 33.8 33.1 41.7 65.9 36.7 50.3 36.7 36.7 11:48:13.869
23.040 33.8 33.1 41.7 65.9 36.7 50.3 36.7 36.7 11:48:14.040
23.211 33.6 33.1 41.7 65.9 36.7 50.3 36.7 36.7 11:48:14.211
23.381 33.6 33.1 41.7 65.9 36.7 50.3 36.7 36.7 11:48:14.381
23.552 33.9 33.1 41.7 65.9 36.6 50.4 36.6 36.6 11:48:14.552
23.723 33.4 33.1 41.7 65.9 36.6 50.4 36.6 36.6 11:48:14.723
23.893 32.8 32.8 41.7 65.9 36.6 50.4 36.6 36.6 11:48:14.893
24.064 33.1 32.8 41.7 65.9 36.6 50.4 36.6 36.6 11:48:15.064
24.235 33.2 32.8 41.7 65.9 36.6 50.4 36.6 36.6 11:48:15.235
24.405 33.4 32.8 41.7 65.9 36.6 50.4 36.6 36.6 11:48:15.405
24.576 33.2 32.8 41.7 65.9 36.6 50.5 36.6 36.6 11:48:15.576
24.747 33.3 32.8 41.7 65.9 36.5 50.5 36.5 36.5 11:48:15.747
24.917 33.3 32.8 41.7 65.9 36.5 50.5 36.5 36.5 11:48:15.917
25.088 33.5 32.8 41.7 65.9 36.5 50.5 36.5 36.5 11:48:16.088
25.259 33.6 32.8 41.7 65.9 36.5 50.5 36.5 36.5 11:48:16.259
25.429 33.7 32.8 41.7 65.9 36.5 50.5 36.5 36.5 11:48:16.429
25.600 33.8 32.8 41.7 65.9 36.5 50.6 36.5 36.5 11:48:16.600
25.771 33.8 32.8 41.7 65.9 36.5 50.6 36.5 36.5 11:48:16.771
25.941 33.5 32.8 41.7 65.9 36.5 50.6 36.5 36.5 11:48:16.941
26.112 33.5 32.8 41.7 65.9 36.4 50.6 36.4 36.4 11:48:17.112
26.283 33.0 32.8 41.7 65.9 36.4 50.6 36.4 36.4 11:48:17.283
26.453 33.1 32.8 41.7 65.9 36.4 50.6 36.4 36.4 11:48:17.453
26.624 33.1 32.8 41.7 65.9 36.4 50.7 36.4 36.4 11:48:17.624
26.795 33.2 32.8 41.7 65.9 36.4 50.7 36.4 36.4 11:48:17.795
26.965 33.3 32.8 41.7 65.9 36.4 50.7 36.4 36.4 11:48:17.965
27.136 33.3 32.8 41.7 65.9 36.4 50.7 36.4 36.4 11:48:18.136
27.307 33.5 32.8 41.7 65.9 36.4 50.7 36.4 36.4 11:48:18.307
27.477 33.3 32.8 41.7 65.9 36.3 50.7 36.3 36.3 11:48:18.477
27.648 33.1 32.8 41.7 65.9 36.3 50.7 36.3 36.3 11:48:18.648
27.819 33.0 32.8 41.7 65.9 36.3 50.8 36.3 36.3 11:48:18.819
27.989 33.3 32.8 41.7 65.9 36.3 50.8 36.3 36.3 11:48:18.989
28.160 33.6 32.8 41.7 65.9 36.3 50.8 36.3 36.3 11:48:19.160
28.331 33.8 32.8 41.7 65.9 36.3 50.8 36.3 36.3 11:48:19.331
28.501 33.6 32.8 41.7 65.9 36.3 50.8 36.3 36.3 11:48:19.501
28.672 33.8 32.8 41.7 65.9 36.3 50.8 36.3 36.3 11:48:19.672
28.843 33.3 32.8 41.7 65.9 36.3 50.9 36.3 36.3 11:48:19.843
29.013 33.5 32.8 41.7 65.9 36.2 50.9 36.2 36.2 11:48:20.013
29.184 33.8 32.8 41.7 65.9 36.2 50.9 36.2 36.2 11:48:20.184
29.355 33.5 32.8 41.7 65.9 36.2 50.9 36.2 36.2 11:48:20.355
29.525 33.4 32.8 41.7 65.9 36.2 50.9 36.2 36.2 11:48:20.525
29.696 33.7 32.8 41.7 65.9 36.2 50.9 36.2 36.2 11:48:20.696
29.867 33.2 32.8 41.7 65.9 36.2 51.0 36.2 36.2 11:48:20.867
30.037 33.5 32.8 41.7 65.9 36.2 51.0 36.2 36.2 11:48:21.037
30.208 33.3 32.8 41.7 65.9 36.2 51.0 36.2 36.2 11:48:21.208
30.379 33.3 32.8 41.7 65.9 36.2 51.0 36.2 36.2 11:48:21.379
30.549 33.5 32.8 41.7 65.9 36.2 51.0 36.2 36.2 11:48:21.549
30.720 33.3 32.8 41.7 65.9 36.2 51.0 36.2 36.2 11:48:21.720
30.891 33.4 32.8 41.7 65.9 36.1 51.0 36.1 36.1 11:48:21.891
31.061 33.5 32.8 41.7 65.9 36.1 51.1 36.1 36.1 11:48:22.061
31.232 33.3 32.8 41.7 65.9 36.1 51.1 36.1 36.1 11:48:22.232
31.403 33.1 32.8 41.7 65.9 36.1 51.1 36.1 36.1 11:48:22.403
31.573 33.4 32.8 41.7 65.9 36.1 51.1 36.1 36.1 11:48:22.573
31.744 33.5 32.8 41.7 65.9 36.1 51.1 36.1 36.1 11:48:22.744
31.915 33.3 32.8 41.7 65.9 36.1 51.1 36.1 36.1 11:48:22.915
32.085 33.1 32.8 41.7 65.9 36.1 51.1 36.1 36.1 11:48:23.085
32.256 33.3 32.8 41.7 65.9 36.1 51.2 36.1 36.1 11:48:23.256
32.427 33.2 32.8 41.7 65.9 36.1 51.2 36.1 36.1 11:48:23.427
32.597 33.5 32.8 41.7 65.9 36.1 51.2 36.1 36.1 11:48:23.597
32.768 33.0 32.8 41.7 65.9 36.0 51.2 36.0 36.0 11:48:23.768
32.939 32.9 32.8 41.7 65.9 36.0 51.2 36.0 36.0 11:48:23.939
33.109 33.2 32.8 41.7 65.9 36.0 51.2 36.0 36.0 11:48:24.109
33.280 33.4 32.8 41.7 65.9 36.0 51.2 36.0 36.0 11:48:24.280
33.451 33.6 32.8 41.7 65.9 36.0 51.3 36.0 36.0 11:48:24.451
33.621 33.6 32.8 41.7 65.9 36.0 51.3 36.0 36.0 11:48:24.621
33.792 33.4 32.8 41.7 65.9 36.0 51.3 36.0 36.0 11:48:24.792
33.963 33.5 32.8 41.7 65.9 36.0 51.3 36.0 36.0 11:48:24.963
34.133 33.4 32.8 41.7 65.9 36.0 51.3 36.0 36.0 11:48:25.133
34.304 33.3 32.8 41.7 65.9 36.0 51.3 36.0 36.0 11:48:25.304
34.475 33.2 32.8 41.7 65.9 36.0 51.3 36.0 36.0 11:48:25.475
34.645 33.3 32.8 41.7 65.9 36.0 51.4 36.0 36.0 11:48:25.645
34.816 33.3 32.8 41.7 65.9 36.0 51.4 36.0 36.0 11:48:25.816
34.987 33.2 32.8 41.7 65.9 35.9 51.4 35.9 35.9 11:48:25.987
35.157 33.3 32.8 41.7 65.9 35.9 51.4 35.9 35.9 11:48:26.157
35.328 33.1 32.8 41.7 65.9 35.9 51.4 35.9 35.9 11:48:26.328
35.499 33.2 32.8 41.7 65.9 35.9 51.4 35.9 35.9 11:48:26.499
35.669 33.3 32.8 41.7 65.9 35.9 51.4 35.9 35.9 11:48:26.669
35.840 33.2 32.8 41.7 65.9 35.9 51.4 35.9 35.9 11:48:26.840
36.011 33.3 32.8 41.7 65.9 35.9 51.5 35.9 35.9 11:48:27.011
36.181 33.4 32.8 41.7 65.9 35.9 51.5 35.9 35.9 11:48:27.181
36.352 33.2 32.8 41.7 65.9 35.9 51.5 35.9 35.9 11:48:27.352
36.523 33.4 32.8 41.7 65.9 35.9 51.5 35.9 35.9 11:48:27.523
36.693 33.4 32.8 41.7 65.9 35.9 51.5 35.9 35.9 11:48:27.693
36.864 33.7 32.8 41.7 65.9 35.9 51.5 35.9 35.9 11:48:27.864
37.035 33.6 32.8 41.7 65.9 35.9 51.5 35.9 35.9 11:48:28.035
37.205 33.8 32.8 41.7 65.9 35.9 51.6 35.9 35.9 11:48:28.205
37.376 33.6 32.8 41.7 65.9 35.8 51.6 35.8 35.8 11:48:28.376
37.547 33.7 32.8 41.7 65.9 35.8 51.6 35.8 35.8 11:48:28.547
37.717 33.8 32.8 41.7 65.9 35.8 51.6 35.8 35.8 11:48:28.717
37.888 33.5 32.8 41.7 65.9 35.8 51.6 35.8 35.8 11:48:28.888
38.059 33.1 32.8 41.7 65.9 35.8 51.6 35.8 35.8 11:48:29.059
38.229 32.9 32.8 41.7 65.9 35.8 51.6 35.8 35.8 11:48:29.229
38.400 33.0 32.8 41.7 65.9 35.8 51.6 35.8 35.8 11:48:29.400
38.571 33.3 32.8 41.7 65.9 35.8 51.7 35.8 35.8 11:48:29.571
38.741 33.2 32.8 41.7 65.9 35.8 51.7 35.8 35.8 11:48:29.741
38.912 33.1 32.8 41.7 65.9 35.8 51.7 35.8 35.8 11:48:29.912
39.083 33.2 32.8 41.7 65.9 35.8 51.7 35.8 35.8 11:48:30.083
39.253 33.2 32.8 41.7 65.9 35.8 51.7 35.8 35.8 11:48:30.253
39.424 33.1 32.8 41.7 65.9 35.8 51.7 35.8 35.8 11:48:30.424
39.595 33.3 32.8 41.7 65.9 35.8 51.7 35.8 35.8 11:48:30.595
39.765 33.1 32.8 41.7 65.9 35.7 51.7 35.7 35.7 11:48:30.765
39.936 33.0 32.8 41.7 65.9 35.7 51.8 35.7 35.7 11:48:30.936
40.107 33.1 32.8 41.7 65.9 35.7 51.8 35.7 35.7 11:48:31.107
40.277 33.2 32.8 41.7 65.9 35.7 51.8 35.7 35.7 11:48:31.277
40.448 33.0 32.8 41.7 65.9 35.7 51.8 35.7 35.7 11:48:31.448
40.619 33.1 32.8 41.7 65.9 35.7 51.8 35.7 35.7 11:48:31.619
40.789 33.0 32.8 41.7 65.9 35.7 51.8 35.7 35.7 11:48:31.789
40.960 33.1 32.8 41.7 65.9 35.7 51.8 35.7 35.7 11:48:31.960
41.131 33.2 32.8 41.7 65.9 35.7 51.8 35.7 35.7 11:48:32.131
41.301 33.3 32.8 41.7 65.9 35.7 51.8 35.7 35.7 11:48:32.301
41.472 33.3 32.8 41.7 65.9 35.7 51.9 35.7 35.7 11:48:32.472
41.643 33.4 32.8 41.7 65.9 35.7 51.9 35.7 35.7 11:48:32.643
41.813 33.6 32.8 41.7 65.9 35.7 51.9 35.7 35.7 11:48:32.813
41.984 33.6 32.8 41.7 65.9 35.7 51.9 35.7 35.7 11:48:32.984
42.155 33.2 32.8 41.7 65.9 35.7 51.9 35.7 35.7 11:48:33.155
42.325 33.1 32.8 41.7 65.9 35.7 51.9 35.7 35.7 11:48:33.325
42.496 33.2 32.8 41.7 65.9 35.6 51.9 35.6 35.6 11:48:33.496
42.667 32.7 32.7 41.7 65.9 35.6 51.9 35.6 35.6 11:48:33.667
42.837 32.9 32.7 41.7 65.9 35.6 51.9 35.6 35.6 11:48:33.837
43.008 33.0 32.7 41.7 65.9 35.6 52.0 35.6 35.6 11:48:34.008
43.179 32.8 32.7 41.7 65.9 35.6 52.0 35.6 35.6 11:48:34.179
43.349 32.8 32.7 41.7 65.9 35.6 52.0 35.6 35.6 11:48:34.349
43.520 33.0 32.7 41.7 65.9 35.6 52.0 35.6 35.6 11:48:34.520
43.691 32.8 32.7 41.7 65.9 35.6 52.0 35.6 35.6 11:48:34.691
43.861 33.0 32.7 41.7 65.9 35.6 52.0 35.6 35.6 11:48:34.861
44.032 32.9 32.7 41.7 65.9 35.6 52.0 35.6 35.6 11:48:35.032
44.203 33.1 32.7 41.7 65.9 35.6 52.0 35.6 35.6 11:48:35.203
44.373 32.8 32.7 41.7 65.9 35.6 52.0 35.6 35.6 11:48:35.373
44.544 33.0 32.7 41.7 65.9 35.6 52.1 35.6 35.6 11:48:35.544
44.715 33.2 32.7 41.7 65.9 35.6 52.1 35.6 35.6 11:48:35.715
44.885 33.1 32.7 41.7 65.9 35.6 52.1 35.6 35.6 11:48:35.885
45.056 32.9 32.7 41.7 65.9 35.5 52.1 35.5 35.5 11:48:36.056
45.227 32.5 32.5 41.7 65.9 35.5 52.1 35.5 35.5 11:48:36.227
45.397 32.8 32.5 41.7 65.9 35.5 52.1 35.5 35.5 11:48:36.397
45.568 32.9 32.5 41.7 65.9 35.5 52.1 35.5 35.5 11:48:36.568
45.739 33.1 32.5 41.7 65.9 35.5 52.1 35.5 35.5 11:48:36.739
45.909 33.1 32.5 41.7 65.9 35.5 52.1 35.5 35.5 11:48:36.909
46.080 33.3 32.5 41.7 65.9 35.5 52.2 35.5 35.5 11:48:37.080
46.251 33.5 32.5 41.7 65.9 35.5 52.2 35.5 35.5 11:48:37.251
46.421 33.3 32.5 41.7 65.9 35.5 52.2 35.5 35.5 11:48:37.421
46.592 33.3 32.5 41.7 65.9 35.5 52.2 35.5 35.5 11:48:37.592
46.763 33.2 32.5 41.7 65.9 35.5 52.2 35.5 35.5 11:48:37.763
46.933 33.3 32.5 41.7 65.9 35.5 52.2 35.5 35.5 11:48:37.933
47.104 33.3 32.5 41.7 65.9 35.5 52.2 35.5 35.5 11:48:38.104
47.275 33.0 32.5 41.7 65.9 35.5 52.2 35.5 35.5 11:48:38.275
47.445 32.9 32.5 41.7 65.9 35.5 52.2 35.5 35.5 11:48:38.445
47.616 32.8 32.5 41.7 65.9 35.5 52.2 35.5 35.5 11:48:38.616
47.787 33.0 32.5 41.7 65.9 35.5 52.3 35.5 35.5 11:48:38.787
47.957 33.1 32.5 41.7 65.9 35.5 52.3 35.5 35.5 11:48:38.957
48.128 33.3 32.5 41.7 65.9 35.5 52.3 35.5 35.5 11:48:39.128
48.299 33.2 32.5 41.7 65.9 35.4 52.3 35.4 35.4 11:48:39.299
48.469 33.3 32.5 41.7 65.9 35.4 52.3 35.4 35.4 11:48:39.469
48.640 33.1 32.5 41.7 65.9 35.4 52.3 35.4 35.4 11:48:39.640
48.811 33.3 32.5 41.7 65.9 35.4 52.3 35.4 35.4 11:48:39.811
48.981 33.1 32.5 41.7 65.9 35.4 52.3 35.4 35.4 11:48:39.981
49.152 33.4 32.5 41.7 65.9 35.4 52.3 35.4 35.4 11:48:40.152
49.323 33.1 32.5 41.7 65.9 35.4 52.3 35.4 35.4 11:48:40.323
49.493 33.0 32.5 41.7 65.9 35.4 52.4 35.4 35.4 11:48:40.493
49.664 33.3 32.5 41.7 65.9 35.4 52.4 35.4 35.4 11:48:40.664
49.835 33.0 32.5 41.7 65.9 35.4 52.4 35.4 35.4 11:48:40.835
50.005 32.9 32.5 41.7 65.9 35.4 52.4 35.4 35.4 11:48:41.005
50.176 33.0 32.5 41.7 65.9 35.4 52.4 35.4 35.4 11:48:41.176
50.347 33.6 32.5 41.7 65.9 35.4 52.4 35.4 35.4 11:48:41.347
50.517 33.6 32.5 41.7 65.9 35.4 52.4 35.4 35.4 11:48:41.517
50.688 33.4 32.5 41.7 65.9 35.4 52.4 35.4 35.4 11:48:41.688
50.859 33.2 32.5 41.7 65.9 35.4 52.4 35.4 35.4 11:48:41.859
51.029 32.8 32.5 41.7 65.9 35.4 52.5 35.4 35.4 11:48:42.029
51.200 32.9 32.5 41.7 65.9 35.4 52.5 35.4 35.4 11:48:42.200
51.371 33.1 32.5 41.7 65.9 35.4 52.5 35.4 35.4 11:48:42.371
51.541 33.2 32.5 41.7 65.9 35.4 52.5 35.4 35.4 11:48:42.541
51.712 33.0 32.5 41.7 65.9 35.4 52.5 35.4 35.4 11:48:42.712
51.883 32.9 32.5 41.7 65.9 35.4 52.5 35.4 35.4 11:48:42.883
52.053 32.7 32.5 41.7 65.9 35.4 52.5 35.4 35.4 11:48:43.053
52.224 32.9 32.5 41.7 65.9 35.3 52.5 35.3 35.3 11:48:43.224
52.395 33.1 32.5 41.7 65.9 35.3 52.5 35.3 35.3 11:48:43.395
52.565 33.3 32.5 41.7 65.9 35.3 52.5 35.3 35.3 11:48:43.565
52.736 33.4 32.5 41.7 65.9 35.3 52.6 35.3 35.3 11:48:43.736
52.907 33.1 32.5 41.7 65.9 35.3 52.6 35.3 35.3 11:48:43.907
53.077 32.9 32.5 41.7 65.9 35.3 52.6 35.3 35.3 11:48:44.077
53.248 32.8 32.5 41.7 65.9 35.3 52.6 35.3 35.3 11:48:44.248
53.419 32.9 32.5 41.7 65.9 35.3 52.6 35.3 35.3 11:48:44.419
53.589 33.1 32.5 41.7 65.9 35.3 52.6 35.3 35.3 11:48:44.589
53.760 33.2 32.5 41.7 65.9 35.3 52.6 35.3 35.3 11:48:44.760
53.931 33.3 32.5 41.7 65.9 35.3 52.6 35.3 35.3 11:48:44.931
54.101 33.0 32.5 41.7 65.9 35.3 52.6 35.3 35.3 11:48:45.101
54.272 33.1 32.5 41.7 65.9 35.3 52.6 35.3 35.3 11:48:45.272
54.443 32.9 32.5 41.7 65.9 35.3 52.6 35.3 35.3 11:48:45.443
54.613 33.0 32.5 41.7 65.9 35.3 52.7 35.3 35.3 11:48:45.613
54.784 33.3 32.5 41.7 65.9 35.3 52.7 35.3 35.3 11:48:45.784
54.955 33.1 32.5 41.7 65.9 35.3 52.7 35.3 35.3 11:48:45.955
55.125 33.0 32.5 41.7 65.9 35.3 52.7 35.3 35.3 11:48:46.125
55.296 33.1 32.5 41.7 65.9 35.3 52.7 35.3 35.3 11:48:46.296
55.467 33.0 32.5 41.7 65.9 35.3 52.7 35.3 35.3 11:48:46.467
55.637 33.1 32.5 41.7 65.9 35.3 52.7 35.3 35.3 11:48:46.637
55.808 33.0 32.5 41.7 65.9 35.3 52.7 35.3 35.3 11:48:46.808
55.979 33.2 32.5 41.7 65.9 35.3 52.7 35.3 35.3 11:48:46.979
56.149 32.9 32.5 41.7 65.9 35.2 52.7 35.2 35.2 11:48:47.149
56.320 32.9 32.5 41.7 65.9 35.2 52.8 35.2 35.2 11:48:47.320
56.491 33.0 32.5 41.7 65.9 35.2 52.8 35.2 35.2 11:48:47.491
56.661 32.8 32.5 41.7 65.9 35.2 52.8 35.2 35.2 11:48:47.661
56.832 33.0 32.5 41.7 65.9 35.2 52.8 35.2 35.2 11:48:47.832
57.003 33.2 32.5 41.7 65.9 35.2 52.8 35.2 35.2 11:48:48.003
57.173 33.3 32.5 41.7 65.9 35.2 52.8 35.2 35.2 11:48:48.173
57.344 33.1 32.5 41.7 65.9 35.2 52.8 35.2 35.2 11:48:48.344
57.515 32.9 32.5 41.7 65.9 35.2 52.8 35.2 35.2 11:48:48.515
57.685 32.8 32.5 41.7 65.9 35.2 52.8 35.2 35.2 11:48:48.685
57.856 33.0 32.5 41.7 65.9 35.2 52.8 35.2 35.2 11:48:48.856
58.027 33.2 32.5 41.7 65.9 35.2 52.8 35.2 35.2 11:48:49.027
58.197 33.3 32.5 41.7 65.9 35.2 52.9 35.2 35.2 11:48:49.197
58.368 33.2 32.5 41.7 65.9 35.2 52.9 35.2 35.2 11:48:49.368
58.539 32.7 32.5 41.7 65.9 35.2 52.9 35.2 35.2 11:48:49.539
58.709 32.7 32.5 41.7 65.9 35.2 52.9 35.2 35.2 11:48:49.709
58.880 32.6 32.5 41.7 65.9 35.2 52.9 35.2 35.2 11:48:49.880
59.051 32.7 32.5 41.7 65.9 35.2 52.9 35.2 35.2 11:48:50.051
59.221 32.6 32.5 41.7 65.9 35.2 52.9 35.2 35.2 11:48:50.221
59.392 32.8 32.5 41.7 65.9 35.2 52.9 35.2 35.2 11:48:50.392
59.563 33.0 32.5 41.7 65.9 35.2 52.9 35.2 35.2 11:48:50.563
59.733 33.1 32.5 41.7 65.9 35.2 52.9 35.2 35.2 11:48:50.733
59.904 33.0 32.5 41.7 65.9 35.2 52.9 35.2 35.2 11:48:50.904
60.075 32.9 32.5 41.7 65.9 35.2 52.9 35.2 35.2 11:48:51.075
60.245 32.8 32.5 41.7 65.9 35.2 53.0 35.1 35.2 11:48:51.245
60.416 33.0 32.5 41.7 65.9 35.1 53.0 35.1 35.1 11:48:51.416
60.587 33.1 32.5 41.7 65.9 35.1 53.0 35.1 35.1 11:48:51.587
60.757 33.3 32.5 41.7 65.9 35.1 53.0 35.1 35.1 11:48:51.757
60.928 33.1 32.5 41.7 65.9 35.1 53.0 35.1 35.1 11:48:51.928
61.099 32.9 32.5 41.7 65.9 35.1 53.0 35.1 35.1 11:48:52.099
61.269 32.8 32.5 41.7 65.9 35.1 53.0 35.1 35.1 11:48:52.269
61.440 33.2 32.5 41.7 65.9 35.1 53.0 35.1 35.1 11:48:52.440
61.611 33.3 32.5 41.7 65.9 35.1 53.0 35.1 35.1 11:48:52.611
61.781 33.1 32.5 41.7 65.9 35.1 53.0 35.1 35.1 11:48:52.781
61.952 32.7 32.5 41.7 65.9 35.1 53.0 35.0 35.1 11:48:52.952
62.123 32.3 32.3 41.7 65.9 35.1 53.0 35.0 35.1 11:48:53.123
62.293 32.5 32.3 41.7 65.9 35.1 53.1 34.6 35.1 11:48:53.293
62.464 32.4 32.3 41.7 65.9 35.1 53.1 34.4 35.1 11:48:53.464
62.635 32.6 32.3 41.7 65.9 35.1 53.1 34.3 35.1 11:48:53.635
62.805 32.5 32.3 41.7 65.9 35.1 53.1 34.3 35.1 11:48:53.805
62.976 32.7 32.3 41.7 65.9 35.1 53.1 34.3 35.1 11:48:53.976
63.147 32.9 32.3 41.7 65.9 35.1 53.1 34.3 35.1 11:48:54.147
63.317 32.8 32.3 41.7 65.9 35.1 53.1 34.2 35.1 11:48:54.317
63.488 32.6 32.3 41.7 65.9 35.1 53.1 34.2 35.1 11:48:54.488
63.659 32.8 32.3 41.7 65.9 35.1 53.1 34.2 35.1 11:48:54.659
63.829 32.7 32.3 41.7 65.9 35.1 53.1 34.2 35.1 11:48:54.829
64.000 32.9 32.3 41.7 65.9 35.1 53.1 34.2 35.1 11:48:55.000
64.171 33.1 32.3 41.7 65.9 35.1 53.1 34.2 35.1 11:48:55.171
64.341 32.9 32.3 41.7 65.9 35.1 53.2 34.2 35.1 11:48:55.341
64.512 32.8 32.3 41.7 65.9 35.1 53.2 34.2 35.1 11:48:55.512
64.683 32.6 32.3 41.7 65.9 35.1 53.2 34.2 35.1 11:48:55.683
64.853 32.8 32.3 41.7 65.9 35.1 53.2 34.2 35.1 11:48:55.853
65.024 32.9 32.3 41.7 65.9 35.1 53.2 34.2 35.1 11:48:56.024
65.195 32.8 32.3 41.7 65.9 35.0 53.2 34.2 35.0 11:48:56.195
65.365 32.9 32.3 41.7 65.9 35.0 53.2 34.1 35.0 11:48:56.365
65.536 32.7 32.3 41.7 65.9 35.0 53.2 34.1 35.0 11:48:56.536
65.707 32.9 32.3 41.7 65.9 35.0 53.2 34.1 35.0 11:48:56.707
65.877 32.8 32.3 41.7 65.9 35.0 53.2 34.1 35.0 11:48:56.877
66.048 32.4 32.3 41.7 65.9 35.0 53.2 34.1 35.0 11:48:57.048
66.219 32.4 32.3 41.7 65.9 35.0 53.2 34.1 35.0 11:48:57.219
66.389 32.6 32.3 41.7 65.9 35.0 53.2 34.1 35.0 11:48:57.389
66.560 32.4 32.3 41.7 65.9 35.0 53.2 34.1 35.0 11:48:57.560
66.731 32.7 32.3 41.7 65.9 35.0 53.3 34.1 35.0 11:48:57.731
66.901 32.8 32.3 41.7 65.9 35.0 53.3 34.1 35.0 11:48:57.901
67.072 33.0 32.3 41.7 65.9 35.0 53.3 34.1 35.0 11:48:58.072
67.243 33.1 32.3 41.7 65.9 35.0 53.3 34.1 35.0 11:48:58.243
67.413 33.2 32.3 41.7 65.9 35.0 53.3 34.1 35.0 11:48:58.413
67.584 32.8 32.3 41.7 65.9 35.0 53.3 34.1 35.0 11:48:58.584
67.755 32.9 32.3 41.7 65.9 35.0 53.3 34.1 35.0 11:48:58.755
67.925 33.0 32.3 41.7 65.9 35.0 53.3 34.1 35.0 11:48:58.925
68.096 32.6 32.3 41.7 65.9 35.0 53.3 34.0 35.0 11:48:59.096
68.267 32.7 32.3 41.7 65.9 35.0 53.3 34.0 35.0 11:48:59.267
68.437 32.8 32.3 41.7 65.9 35.0 53.3 34.0 35.0 11:48:59.437
68.608 32.9 32.3 41.7 65.9 35.0 53.3 34.0 35.0 11:48:59.608
68.779 32.7 32.3 41.7 65.9 35.0 53.3 34.0 35.0 11:48:59.779
68.949 32.5 32.3 41.7 65.9 35.0 53.4 34.0 35.0 11:48:59.949
69.120 32.7 32.3 41.7 65.9 35.0 53.4 34.0 35.0 11:49:00.120
69.291 32.7 32.3 41.7 65.9 35.0 53.4 34.0 35.0 11:49:00.291
69.461 32.8 32.3 41.7 65.9 35.0 53.4 34.0 35.0 11:49:00.461
69.632 32.9 32.3 41.7 65.9 35.0 53.4 34.0 35.0 11:49:00.632
69.803 32.8 32.3 41.7 65.9 35.0 53.4 34.0 35.0 11:49:00.803
69.973 32.9 32.3 41.7 65.9 35.0 53.4 34.0 35.0 11:49:00.973
70.144 32.8 32.3 41.7 65.9 34.9 53.4 34.0 34.9 11:49:01.144
70.315 32.6 32.3 41.7 65.9 34.9 53.4 34.0 34.9 11:49:01.315
70.485 32.4 32.3 41.7 65.9 34.9 53.4 34.0 34.9 11:49:01.485
70.656 32.6 32.3 41.7 65.9 34.9 53.4 34.0 34.9 11:49:01.656
70.827 32.4 32.3 41.7 65.9 34.9 53.4 34.0 34.9 11:49:01.827
70.997 33.1 32.3 41.7 65.9 34.9 53.4 34.0 34.9 11:49:01.997
71.168 33.2 32.3 41.7 65.9 34.9 53.5 33.9 34.9 11:49:02.168
71.339 33.3 32.3 41.7 65.9 34.9 53.5 33.9 34.9 11:49:02.339
71.509 33.4 32.3 41.7 65.9 34.9 53.5 33.9 34.9 11:49:02.509
71.680 32.9 32.3 41.7 65.9 34.9 53.5 33.9 34.9 11:49:02.680
71.851 33.0 32.3 41.7 65.9 34.9 53.5 33.9 34.9 11:49:02.851
72.021 33.2 32.3 41.7 65.9 34.9 53.5 33.9 34.9 11:49:03.021
72.192 33.2 32.3 41.7 65.9 34.9 53.5 33.9 34.9 11:49:03.192
72.363 33.4 32.3 41.7 65.9 34.9 53.5 33.9 34.9 11:49:03.363
72.533 33.0 32.3 41.7 65.9 34.9 53.5 33.9 34.9 11:49:03.533
72.704 33.1 32.3 41.7 65.9 34.9 53.5 33.9 34.9 11:49:03.704
72.875 32.9 32.3 41.7 65.9 34.9 53.5 33.9 34.9 11:49:03.875
73.045 33.1 32.3 41.7 65.9 34.9 53.5 33.9 34.9 11:49:04.045
73.216 33.1 32.3 41.7 65.9 34.9 53.5 33.9 34.9 11:49:04.216
73.387 32.9 32.3 41.7 65.9 34.9 53.6 33.9 34.9 11:49:04.387
73.557 32.7 32.3 41.7 65.9 34.9 53.6 33.9 34.9 11:49:04.557
73.728 32.8 32.3 41.7 65.9 34.9 53.6 33.9 34.9 11:49:04.728
73.899 32.6 32.3 41.7 65.9 34.9 53.6 33.9 34.9 11:49:04.899
74.069 32.8 32.3 41.7 65.9 34.9 53.6 33.9 34.9 11:49:05.069
74.240 32.9 32.3 41.7 65.9 34.9 53.6 33.9 34.9 11:49:05.240
74.411 33.0 32.3 41.7 65.9 34.9 53.6 33.9 34.9 11:49:05.411
74.581 33.0 32.3 41.7 65.9 34.9 53.6 33.9 34.9 11:49:05.581
74.752 33.2 32.3 41.7 65.9 34.9 53.6 33.9 34.9 11:49:05.752
74.923 33.0 32.3 41.7 65.9 34.9 53.6 33.9 34.9 11:49:05.923
75.093 33.2 32.3 41.7 65.9 34.9 53.6 33.9 34.9 11:49:06.093
75.264 33.0 32.3 41.7 65.9 34.9 53.6 33.9 34.9 11:49:06.264
75.435 33.1 32.3 41.7 65.9 34.9 53.6 33.9 34.9 11:49:06.435
75.605 32.7 32.3 41.7 65.9 34.9 53.6 33.9 34.9 11:49:06.605
75.776 32.9 32.3 41.7 65.9 34.9 53.7 33.8 34.9 11:49:06.776
75.947 32.7 32.3 41.7 65.9 34.9 53.7 33.8 34.9 11:49:06.947
76.117 32.5 32.3 41.7 65.9 34.9 53.7 33.8 34.9 11:49:07.117
76.288 32.7 32.3 41.7 65.9 34.8 53.7 33.8 34.8 11:49:07.288
76.459 32.8 32.3 41.7 65.9 34.8 53.7 33.8 34.8 11:49:07.459
76.629 33.0 32.3 41.7 65.9 34.8 53.7 33.8 34.8 11:49:07.629
76.800 33.3 32.3 41.7 65.9 34.8 53.7 33.8 34.8 11:49:07.800
76.971 33.3 32.3 41.7 65.9 34.8 53.7 33.8 34.8 11:49:07.971
77.141 33.1 32.3 41.7 65.9 34.8 53.7 33.8 34.8 11:49:08.141
77.312 33.8 32.3 41.7 65.9 34.8 53.7 33.8 34.8 11:49:08.312
77.483 33.6 32.3 41.7 65.9 34.8 53.7 33.8 34.8 11:49:08.483
77.653 33.2 32.3 41.7 65.9 34.8 53.7 33.8 34.8 11:49:08.653
77.824 32.7 32.3 41.7 65.9 34.8 53.7 33.8 34.8 11:49:08.824
77.995 32.9 32.3 41.7 65.9 34.8 53.8 33.8 34.8 11:49:08.995
78.165 33.1 32.3 41.7 65.9 34.8 53.8 33.8 34.8 11:49:09.165
78.336 33.0 32.3 41.7 65.9 34.8 53.8 33.8 34.8 11:49:09.336
78.507 32.8 32.3 41.7 65.9 34.8 53.8 33.8 34.8 11:49:09.507
78.677 32.9 32.3 41.7 65.9 34.8 53.8 33.8 34.8 11:49:09.677
78.848 33.1 32.3 41.7 65.9 34.8 53.8 33.8 34.8 11:49:09.848
79.019 33.0 32.3 41.7 65.9 34.8 53.8 33.8 34.8 11:49:10.019
79.189 32.8 32.3 41.7 65.9 34.8 53.8 33.8 34.8 11:49:10.189
79.360 32.8 32.3 41.7 65.9 34.8 53.8 33.8 34.8 11:49:10.360
79.531 33.0 32.3 41.7 65.9 34.8 53.8 33.8 34.8 11:49:10.531
79.701 32.8 32.3 41.7 65.9 34.8 53.8 33.8 34.8 11:49:10.701
79.872 32.9 32.3 41.7 65.9 34.8 53.8 33.8 34.8 11:49:10.872
80.043 32.9 32.3 41.7 65.9 34.8 53.8 33.8 34.8 11:49:11.043
80.213 33.2 32.3 41.7 65.9 34.8 53.8 33.8 34.8 11:49:11.213
80.384 33.3 32.3 41.7 65.9 34.8 53.9 33.8 34.8 11:49:11.384
80.555 33.1 32.3 41.7 65.9 34.8 53.9 33.8 34.8 11:49:11.555
80.725 33.1 32.3 41.7 65.9 34.8 53.9 33.8 34.8 11:49:11.725
80.896 33.2 32.3 41.7 65.9 34.8 53.9 33.8 34.8 11:49:11.896
81.067 33.1 32.3 41.7 65.9 34.8 53.9 33.8 34.8 11:49:12.067
81.237 33.2 32.3 41.7 65.9 34.8 53.9 33.8 34.8 11:49:12.237
81.408 33.3 32.3 41.7 65.9 34.8 53.9 33.8 34.8 11:49:12.408
81.579 33.4 32.3 41.7 65.9 34.8 53.9 33.8 34.8 11:49:12.579
81.749 33.5 32.3 41.7 65.9 34.8 53.9 33.8 34.8 11:49:12.749
81.920 33.1 32.3 41.7 65.9 34.8 53.9 33.7 34.8 11:49:12.920
82.091 33.2 32.3 41.7 65.9 34.8 53.9 33.7 34.8 11:49:13.091
82.261 32.9 32.3 41.7 65.9 34.8 53.9 33.7 34.8 11:49:13.261
82.432 32.9 32.3 41.7 65.9 34.8 53.9 33.7 34.8 11:49:13.432
82.603 32.8 32.3 41.7 65.9 34.8 53.9 33.7 34.8 11:49:13.603
82.773 32.7 32.3 41.7 65.9 34.8 53.9 33.7 34.8 11:49:13.773
82.944 33.0 32.3 41.7 65.9 34.8 54.0 33.7 34.8 11:49:13.944
83.115 32.9 32.3 41.7 65.9 34.8 54.0 33.7 34.8 11:49:14.115
83.285 33.0 32.3 41.7 65.9 34.8 54.0 33.7 34.8 11:49:14.285
83.456 33.2 32.3 41.7 65.9 34.8 54.0 33.7 34.8 11:49:14.456
83.627 33.0 32.3 41.7 65.9 34.8 54.0 33.7 34.8 11:49:14.627
83.797 33.0 32.3 41.7 65.9 34.8 54.0 33.7 34.8 11:49:14.797
83.968 33.1 32.3 41.7 65.9 34.8 54.0 33.7 34.8 11:49:14.968
84.139 33.1 32.3 41.7 65.9 34.8 54.0 33.7 34.8 11:49:15.139
84.309 33.3 32.3 41.7 65.9 34.8 54.0 33.7 34.8 11:49:15.309
84.480 33.4 32.3 41.7 65.9 34.8 54.0 33.7 34.8 11:49:15.480
84.651 33.2 32.3 41.7 65.9 34.8 54.0 33.7 34.8 11:49:15.651
84.821 32.7 32.3 41.7 65.9 34.7 54.0 33.7 34.7 11:49:15.821
84.992 32.9 32.3 41.7 65.9 34.7 54.0 33.7 34.7 11:49:15.992
85.163 33.0 32.3 41.7 65.9 34.7 54.0 33.7 34.7 11:49:16.163
85.333 33.1 32.3 41.7 65.9 34.7 54.1 33.7 34.7 11:49:16.333
85.504 33.0 32.3 41.7 65.9 34.7 54.1 33.7 34.7 11:49:16.504
85.675 33.0 32.3 41.7 65.9 34.7 54.1 33.7 34.7 11:49:16.675
85.845 33.2 32.3 41.7 65.9 34.7 54.1 33.7 34.7 11:49:16.845
86.016 33.4 32.3 41.7 65.9 34.7 54.1 33.7 34.7 11:49:17.016
86.187 33.4 32.3 41.7 65.9 34.7 54.1 33.7 34.7 11:49:17.187
86.357 33.4 32.3 41.7 65.9 34.7 54.1 33.7 34.7 11:49:17.357
86.528 33.2 32.3 41.7 65.9 34.7 54.1 33.7 34.7 11:49:17.528
86.699 33.1 32.3 41.7 65.9 34.7 54.1 33.7 34.7 11:49:17.699
86.869 33.1 32.3 41.7 65.9 34.7 54.1 33.7 34.7 11:49:17.869
87.040 33.0 32.3 41.7 65.9 34.7 54.1 33.7 34.7 11:49:18.040
87.211 33.4 32.3 41.7 65.9 34.7 54.1 33.7 34.7 11:49:18.211
87.381 33.6 32.3 41.7 65.9 34.7 54.1 33.7 34.7 11:49:18.381
87.552 34.0 32.3 41.7 65.9 34.7 54.2 33.7 34.7 11:49:18.552
87.723 33.9 32.3 41.7 65.9 34.7 54.2 33.7 34.7 11:49:18.723
87.893 33.8 32.3 41.7 65.9 34.7 54.2 33.7 34.7 11:49:18.893
88.064 34.1 32.3 41.7 65.9 34.7 54.2 33.7 34.7 11:49:19.064

