SPL log data saved by REW V5.20.4
Soundcard cal: 
Mic/meter cal: 
SPL cal offset: 125.24833755493164 dB
High Pass Filter: Off
Date: Mar 4, 2022 12:00:49 PM
Start: 1646395249917
Log length: 366 entries over 62.5s
Log interval: 0.17066666666666666 seconds

Time[s] LCS LCSMin LCSMax LZpeak LCeq LCE LCeq1m LCeq10m
0.171 37.9 37.8 38.1 51.8 38.2 30.5 38.2 38.2 12:00:49.171
0.341 37.8 37.7 38.1 54.0 38.2 33.5 38.2 38.2 12:00:49.341
0.512 37.7 37.7 38.1 64.8 38.4 35.5 38.4 38.4 12:00:49.512
0.683 37.9 37.7 38.1 64.8 38.5 36.8 38.5 38.5 12:00:49.683
0.853 37.6 37.6 38.1 64.8 38.3 37.6 38.3 38.3 12:00:49.853
1.024 37.7 37.6 38.1 64.8 38.3 38.4 38.3 38.3 12:00:50.024
1.195 37.5 37.5 38.1 64.8 38.2 39.0 38.2 38.2 12:00:50.195
1.365 37.5 37.5 38.1 64.8 38.3 39.7 38.3 38.3 12:00:50.365
1.536 37.8 37.5 38.1 64.8 38.4 40.3 38.4 38.4 12:00:50.536
1.707 37.9 37.5 38.1 64.8 38.5 40.8 38.5 38.5 12:00:50.707
1.877 38.1 37.5 38.1 64.8 38.5 41.2 38.5 38.5 12:00:50.877
2.048 37.7 37.5 38.1 64.8 38.5 41.6 38.5 38.5 12:00:51.048
2.219 37.6 37.5 38.1 64.8 38.4 41.9 38.4 38.4 12:00:51.219
2.389 37.6 37.5 38.1 64.8 38.5 42.2 38.5 38.5 12:00:51.389
2.560 37.9 37.5 38.1 64.8 38.6 42.6 38.6 38.6 12:00:51.560
2.731 37.8 37.5 38.1 64.8 38.6 42.9 38.6 38.6 12:00:51.731
2.901 38.0 37.5 38.1 64.8 38.6 43.2 38.6 38.6 12:00:51.901
3.072 38.2 37.5 38.2 64.8 38.6 43.5 38.6 38.6 12:00:52.072
3.243 38.4 37.5 38.4 64.8 38.7 43.8 38.7 38.7 12:00:52.243
3.413 38.2 37.5 38.4 64.8 38.7 44.0 38.7 38.7 12:00:52.413
3.584 37.8 37.5 38.4 64.8 38.7 44.2 38.7 38.7 12:00:52.584
3.755 37.8 37.5 38.4 64.8 38.6 44.4 38.6 38.6 12:00:52.755
3.925 37.3 37.3 38.4 64.8 38.6 44.5 38.6 38.6 12:00:52.925
4.096 37.3 37.3 38.4 64.8 38.6 44.7 38.6 38.6 12:00:53.096
4.267 37.5 37.3 38.4 64.8 38.5 44.8 38.5 38.5 12:00:53.267
4.437 37.6 37.3 38.4 64.8 38.5 45.0 38.5 38.5 12:00:53.437
4.608 37.8 37.3 38.4 64.8 38.6 45.2 38.6 38.6 12:00:53.608
4.779 38.0 37.3 38.4 64.8 38.6 45.4 38.6 38.6 12:00:53.779
4.949 38.2 37.3 38.4 64.8 38.6 45.5 38.6 38.6 12:00:53.949
5.120 38.2 37.3 38.4 64.8 38.6 45.7 38.6 38.6 12:00:54.120
5.291 38.0 37.3 38.4 64.8 38.6 45.8 38.6 38.6 12:00:54.291
5.461 37.5 37.3 38.4 64.8 38.5 45.9 38.5 38.5 12:00:54.461
5.632 37.7 37.3 38.4 64.8 38.5 46.0 38.5 38.5 12:00:54.632
5.803 37.7 37.3 38.4 64.8 38.6 46.2 38.6 38.6 12:00:54.803
5.973 38.1 37.3 38.4 64.8 38.6 46.4 38.6 38.6 12:00:54.973
6.144 37.9 37.3 38.4 64.8 38.6 46.5 38.6 38.6 12:00:55.144
6.315 37.7 37.3 38.4 64.8 38.6 46.6 38.6 38.6 12:00:55.315
6.485 37.5 37.3 38.4 64.8 38.6 46.7 38.6 38.6 12:00:55.485
6.656 37.7 37.3 38.4 64.8 38.6 46.8 38.6 38.6 12:00:55.656
6.827 38.1 37.3 38.4 64.8 38.6 46.9 38.6 38.6 12:00:55.827
6.997 38.3 37.3 38.4 64.8 38.6 47.1 38.6 38.6 12:00:55.997
7.168 38.1 37.3 38.4 64.8 38.6 47.2 38.6 38.6 12:00:56.168
7.339 37.7 37.3 38.4 64.8 38.6 47.3 38.6 38.6 12:00:56.339
7.509 37.2 37.2 38.4 64.8 38.6 47.3 38.6 38.6 12:00:56.509
7.680 37.6 37.2 38.4 64.8 38.6 47.4 38.6 38.6 12:00:56.680
7.851 37.5 37.2 38.4 64.8 38.6 47.5 38.6 38.6 12:00:56.851
8.021 37.8 37.2 38.4 64.8 38.6 47.6 38.6 38.6 12:00:57.021
8.192 38.3 37.2 38.4 64.8 38.7 47.8 38.7 38.7 12:00:57.192
8.363 38.6 37.2 38.6 64.8 38.7 47.9 38.7 38.7 12:00:57.363
8.533 38.8 37.2 38.8 64.8 38.7 48.0 38.7 38.7 12:00:57.533
8.704 38.9 37.2 38.9 64.8 38.7 48.1 38.7 38.7 12:00:57.704
8.875 38.5 37.2 38.9 64.8 38.7 48.2 38.7 38.7 12:00:57.875
9.045 38.3 37.2 38.9 64.8 38.7 48.3 38.7 38.7 12:00:58.045
9.216 38.4 37.2 38.9 66.8 38.7 48.4 38.7 38.7 12:00:58.216
9.387 38.2 37.2 38.9 68.2 38.7 48.5 38.7 38.7 12:00:58.387
9.557 38.3 37.2 38.9 68.2 38.7 48.5 38.7 38.7 12:00:58.557
9.728 38.4 37.2 38.9 68.2 38.7 48.6 38.7 38.7 12:00:58.728
9.899 38.6 37.2 38.9 68.2 38.8 48.7 38.8 38.8 12:00:58.899
10.069 38.8 37.2 38.9 68.2 38.8 48.8 38.8 38.8 12:00:59.069
10.240 38.7 37.2 38.9 68.2 38.8 48.9 38.8 38.8 12:00:59.240
10.411 39.0 37.2 39.0 68.2 38.8 49.0 38.8 38.8 12:00:59.411
10.581 38.5 37.2 39.0 68.4 38.8 49.1 38.8 38.8 12:00:59.581
10.752 38.1 37.2 39.0 68.4 38.8 49.1 38.8 38.8 12:00:59.752
10.923 37.9 37.2 39.0 68.4 38.8 49.2 38.8 38.8 12:00:59.923
11.093 37.8 37.2 39.0 68.4 38.8 49.2 38.8 38.8 12:01:00.093
11.264 37.7 37.2 39.0 68.4 38.8 49.3 38.8 38.8 12:01:00.264
11.435 38.1 37.2 39.0 68.4 38.8 49.4 38.8 38.8 12:01:00.435
11.605 38.5 37.2 39.0 68.4 38.8 49.5 38.8 38.8 12:01:00.605
11.776 38.1 37.2 39.0 68.4 38.8 49.5 38.8 38.8 12:01:00.776
11.947 38.4 37.2 39.0 68.4 38.8 49.6 38.8 38.8 12:01:00.947
12.117 38.1 37.2 39.0 68.4 38.8 49.7 38.8 38.8 12:01:01.117
12.288 38.2 37.2 39.0 68.4 38.8 49.7 38.8 38.8 12:01:01.288
12.459 38.0 37.2 39.0 68.4 38.8 49.8 38.8 38.8 12:01:01.459
12.629 38.4 37.2 39.0 68.4 38.8 49.8 38.8 38.8 12:01:01.629
12.800 39.0 37.2 39.0 68.4 38.9 50.0 38.9 38.9 12:01:01.800
12.971 39.0 37.2 39.2 68.4 38.9 50.0 38.9 38.9 12:01:01.971
13.141 39.2 37.2 39.2 68.4 38.9 50.1 38.9 38.9 12:01:02.141
13.312 39.3 37.2 39.3 68.4 38.9 50.2 38.9 38.9 12:01:02.312
13.483 39.2 37.2 39.3 68.4 39.0 50.3 39.0 39.0 12:01:02.483
13.653 39.1 37.2 39.3 68.4 39.0 50.3 39.0 39.0 12:01:02.653
13.824 38.7 37.2 39.3 68.4 39.0 50.4 39.0 39.0 12:01:02.824
13.995 38.6 37.2 39.3 68.4 39.0 50.4 39.0 39.0 12:01:02.995
14.165 38.5 37.2 39.3 68.4 39.0 50.5 39.0 39.0 12:01:03.165
14.336 38.3 37.2 39.3 68.4 39.0 50.5 39.0 39.0 12:01:03.336
14.507 38.4 37.2 39.3 68.4 39.0 50.6 39.0 39.0 12:01:03.507
14.677 38.3 37.2 39.3 68.4 39.0 50.6 39.0 39.0 12:01:03.677
14.848 38.2 37.2 39.3 68.4 39.0 50.7 39.0 39.0 12:01:03.848
15.019 38.1 37.2 39.3 68.4 39.0 50.7 39.0 39.0 12:01:04.019
15.189 38.4 37.2 39.3 68.4 39.0 50.8 39.0 39.0 12:01:04.189
15.360 38.4 37.2 39.3 68.4 39.0 50.9 39.0 39.0 12:01:04.360
15.531 38.5 37.2 39.3 68.4 39.0 50.9 39.0 39.0 12:01:04.531
15.701 38.6 37.2 39.3 68.4 39.0 51.0 39.0 39.0 12:01:04.701
15.872 38.4 37.2 39.3 68.4 39.0 51.0 39.0 39.0 12:01:04.872
16.043 37.7 37.2 39.3 68.4 39.0 51.0 39.0 39.0 12:01:05.043
16.213 37.5 37.2 39.3 68.4 39.0 51.1 39.0 39.0 12:01:05.213
16.384 37.9 37.2 39.3 68.4 39.0 51.1 39.0 39.0 12:01:05.384
16.555 38.1 37.2 39.3 68.4 39.0 51.2 39.0 39.0 12:01:05.555
16.725 38.3 37.2 39.3 68.4 39.0 51.2 39.0 39.0 12:01:05.725
16.896 38.2 37.2 39.3 68.4 39.0 51.3 39.0 39.0 12:01:05.896
17.067 38.6 37.2 39.3 68.4 39.0 51.3 39.0 39.0 12:01:06.067
17.237 38.4 37.2 39.3 68.4 39.0 51.4 39.0 39.0 12:01:06.237
17.408 38.3 37.2 39.3 68.4 39.0 51.4 39.0 39.0 12:01:06.408
17.579 37.9 37.2 39.3 68.4 39.0 51.4 39.0 39.0 12:01:06.579
17.749 37.7 37.2 39.3 68.4 39.0 51.5 39.0 39.0 12:01:06.749
17.920 38.0 37.2 39.3 68.4 39.0 51.5 39.0 39.0 12:01:06.920
18.091 38.1 37.2 39.3 68.4 39.0 51.6 39.0 39.0 12:01:07.091
18.261 38.0 37.2 39.3 68.4 39.0 51.6 39.0 39.0 12:01:07.261
18.432 38.3 37.2 39.3 68.4 39.0 51.6 39.0 39.0 12:01:07.432
18.603 38.5 37.2 39.3 68.4 39.0 51.7 39.0 39.0 12:01:07.603
18.773 38.6 37.2 39.3 68.4 39.0 51.7 39.0 39.0 12:01:07.773
18.944 38.4 37.2 39.3 68.4 39.0 51.8 39.0 39.0 12:01:07.944
19.115 38.3 37.2 39.3 68.4 39.0 51.8 39.0 39.0 12:01:08.115
19.285 37.6 37.2 39.3 68.4 39.0 51.8 39.0 39.0 12:01:08.285
19.456 37.4 37.2 39.3 68.4 39.0 51.9 39.0 39.0 12:01:08.456
19.627 37.7 37.2 39.3 68.4 39.0 51.9 39.0 39.0 12:01:08.627
19.797 38.0 37.2 39.3 68.4 39.0 51.9 39.0 39.0 12:01:08.797
19.968 38.0 37.2 39.3 68.4 39.0 52.0 39.0 39.0 12:01:08.968
20.139 38.2 37.2 39.3 68.4 39.0 52.0 39.0 39.0 12:01:09.139
20.309 38.2 37.2 39.3 68.4 39.0 52.1 39.0 39.0 12:01:09.309
20.480 38.3 37.2 39.3 68.4 39.0 52.1 39.0 39.0 12:01:09.480
20.651 38.4 37.2 39.3 68.4 39.0 52.1 39.0 39.0 12:01:09.651
20.821 38.2 37.2 39.3 68.4 39.0 52.2 39.0 39.0 12:01:09.821
20.992 37.7 37.2 39.3 68.4 39.0 52.2 39.0 39.0 12:01:09.992
21.163 37.9 37.2 39.3 68.4 39.0 52.2 39.0 39.0 12:01:10.163
21.333 37.5 37.2 39.3 68.4 39.0 52.2 39.0 39.0 12:01:10.333
21.504 37.7 37.2 39.3 68.4 39.0 52.3 39.0 39.0 12:01:10.504
21.675 38.1 37.2 39.3 68.4 39.0 52.3 39.0 39.0 12:01:10.675
21.845 38.2 37.2 39.3 68.4 39.0 52.4 39.0 39.0 12:01:10.845
22.016 38.2 37.2 39.3 68.4 39.0 52.4 39.0 39.0 12:01:11.016
22.187 38.1 37.2 39.3 68.4 39.0 52.4 39.0 39.0 12:01:11.187
22.357 38.2 37.2 39.3 68.4 39.0 52.5 39.0 39.0 12:01:11.357
22.528 38.3 37.2 39.3 68.4 39.0 52.5 39.0 39.0 12:01:11.528
22.699 38.1 37.2 39.3 68.4 39.0 52.5 39.0 39.0 12:01:11.699
22.869 38.0 37.2 39.3 68.4 39.0 52.6 39.0 39.0 12:01:11.869
23.040 38.1 37.2 39.3 68.4 39.0 52.6 39.0 39.0 12:01:12.040
23.211 37.8 37.2 39.3 68.4 39.0 52.6 39.0 39.0 12:01:12.211
23.381 37.9 37.2 39.3 68.4 39.0 52.6 39.0 39.0 12:01:12.381
23.552 37.7 37.2 39.3 68.4 38.9 52.7 38.9 38.9 12:01:12.552
23.723 37.8 37.2 39.3 68.4 38.9 52.7 38.9 38.9 12:01:12.723
23.893 38.0 37.2 39.3 68.4 38.9 52.7 38.9 38.9 12:01:12.893
24.064 38.2 37.2 39.3 68.4 38.9 52.8 38.9 38.9 12:01:13.064
24.235 37.9 37.2 39.3 68.4 38.9 52.8 38.9 38.9 12:01:13.235
24.405 37.6 37.2 39.3 68.4 38.9 52.8 38.9 38.9 12:01:13.405
24.576 37.7 37.2 39.3 68.4 38.9 52.8 38.9 38.9 12:01:13.576
24.747 38.0 37.2 39.3 68.4 38.9 52.9 38.9 38.9 12:01:13.747
24.917 38.4 37.2 39.3 68.4 38.9 52.9 38.9 38.9 12:01:13.917
25.088 38.6 37.2 39.3 68.4 39.0 52.9 39.0 39.0 12:01:14.088
25.259 38.4 37.2 39.3 68.4 38.9 53.0 38.9 38.9 12:01:14.259
25.429 38.5 37.2 39.3 68.4 39.0 53.0 39.0 39.0 12:01:14.429
25.600 38.2 37.2 39.3 68.4 38.9 53.0 38.9 38.9 12:01:14.600
25.771 38.1 37.2 39.3 68.4 38.9 53.1 38.9 38.9 12:01:14.771
25.941 38.4 37.2 39.3 68.4 39.0 53.1 39.0 39.0 12:01:14.941
26.112 38.7 37.2 39.3 68.4 39.0 53.1 39.0 39.0 12:01:15.112
26.283 38.7 37.2 39.3 68.4 39.0 53.2 39.0 39.0 12:01:15.283
26.453 38.3 37.2 39.3 68.4 39.0 53.2 39.0 39.0 12:01:15.453
26.624 38.4 37.2 39.3 68.4 39.0 53.2 39.0 39.0 12:01:15.624
26.795 38.6 37.2 39.3 68.4 39.0 53.2 39.0 39.0 12:01:15.795
26.965 38.1 37.2 39.3 68.4 39.0 53.3 39.0 39.0 12:01:15.965
27.136 38.3 37.2 39.3 68.4 39.0 53.3 39.0 39.0 12:01:16.136
27.307 38.4 37.2 39.3 68.4 39.0 53.3 39.0 39.0 12:01:16.307
27.477 38.2 37.2 39.3 68.4 39.0 53.3 39.0 39.0 12:01:16.477
27.648 38.1 37.2 39.3 68.4 39.0 53.4 39.0 39.0 12:01:16.648
27.819 38.4 37.2 39.3 68.4 39.0 53.4 39.0 39.0 12:01:16.819
27.989 38.5 37.2 39.3 68.4 39.0 53.4 39.0 39.0 12:01:16.989
28.160 38.6 37.2 39.3 68.4 39.0 53.5 39.0 39.0 12:01:17.160
28.331 38.4 37.2 39.3 68.4 39.0 53.5 39.0 39.0 12:01:17.331
28.501 38.4 37.2 39.3 68.4 39.0 53.5 39.0 39.0 12:01:17.501
28.672 38.2 37.2 39.3 68.4 39.0 53.5 39.0 39.0 12:01:17.672
28.843 37.8 37.2 39.3 68.4 39.0 53.6 39.0 39.0 12:01:17.843
29.013 38.0 37.2 39.3 68.4 39.0 53.6 39.0 39.0 12:01:18.013
29.184 37.9 37.2 39.3 68.4 39.0 53.6 39.0 39.0 12:01:18.184
29.355 38.1 37.2 39.3 68.4 39.0 53.6 39.0 39.0 12:01:18.355
29.525 38.0 37.2 39.3 68.4 39.0 53.7 39.0 39.0 12:01:18.525
29.696 38.3 37.2 39.3 68.4 39.0 53.7 39.0 39.0 12:01:18.696
29.867 38.3 37.2 39.3 68.4 39.0 53.7 39.0 39.0 12:01:18.867
30.037 38.2 37.2 39.3 68.4 39.0 53.7 39.0 39.0 12:01:19.037
30.208 38.1 37.2 39.3 68.4 39.0 53.8 39.0 39.0 12:01:19.208
30.379 38.1 37.2 39.3 68.4 39.0 53.8 39.0 39.0 12:01:19.379
30.549 38.3 37.2 39.3 68.4 39.0 53.8 39.0 39.0 12:01:19.549
30.720 38.3 37.2 39.3 68.4 39.0 53.8 39.0 39.0 12:01:19.720
30.891 38.5 37.2 39.3 68.4 39.0 53.9 39.0 39.0 12:01:19.891
31.061 38.7 37.2 39.3 68.4 39.0 53.9 39.0 39.0 12:01:20.061
31.232 38.3 37.2 39.3 68.4 39.0 53.9 39.0 39.0 12:01:20.232
31.403 38.4 37.2 39.3 68.4 39.0 53.9 39.0 39.0 12:01:20.403
31.573 38.9 37.2 39.3 68.4 39.0 54.0 39.0 39.0 12:01:20.573
31.744 38.8 37.2 39.3 68.4 39.0 54.0 39.0 39.0 12:01:20.744
31.915 38.7 37.2 39.3 68.4 39.0 54.0 39.0 39.0 12:01:20.915
32.085 38.4 37.2 39.3 68.4 39.0 54.1 39.0 39.0 12:01:21.085
32.256 38.5 37.2 39.3 68.4 39.0 54.1 39.0 39.0 12:01:21.256
32.427 38.1 37.2 39.3 68.4 39.0 54.1 39.0 39.0 12:01:21.427
32.597 38.3 37.2 39.3 68.4 39.0 54.1 39.0 39.0 12:01:21.597
32.768 38.4 37.2 39.3 68.4 39.0 54.2 39.0 39.0 12:01:21.768
32.939 38.6 37.2 39.3 68.4 39.0 54.2 39.0 39.0 12:01:21.939
33.109 38.2 37.2 39.3 68.4 39.0 54.2 39.0 39.0 12:01:22.109
33.280 37.9 37.2 39.3 68.4 39.0 54.2 39.0 39.0 12:01:22.280
33.451 38.0 37.2 39.3 68.4 39.0 54.2 39.0 39.0 12:01:22.451
33.621 38.2 37.2 39.3 68.4 39.0 54.3 39.0 39.0 12:01:22.621
33.792 38.4 37.2 39.3 71.3 39.0 54.3 39.0 39.0 12:01:22.792
33.963 38.2 37.2 39.3 71.3 39.0 54.3 39.0 39.0 12:01:22.963
34.133 38.4 37.2 39.3 71.3 39.0 54.3 39.0 39.0 12:01:23.133
34.304 38.5 37.2 39.3 71.3 39.0 54.3 39.0 39.0 12:01:23.304
34.475 38.4 37.2 39.3 71.3 39.0 54.4 39.0 39.0 12:01:23.475
34.645 38.7 37.2 39.3 71.3 39.0 54.4 39.0 39.0 12:01:23.645
34.816 38.8 37.2 39.3 71.3 39.0 54.4 39.0 39.0 12:01:23.816
34.987 38.6 37.2 39.3 71.3 39.0 54.4 39.0 39.0 12:01:23.987
35.157 38.4 37.2 39.3 71.3 39.0 54.5 39.0 39.0 12:01:24.157
35.328 38.3 37.2 39.3 71.3 39.0 54.5 39.0 39.0 12:01:24.328
35.499 38.7 37.2 39.3 71.3 39.0 54.5 39.0 39.0 12:01:24.499
35.669 38.8 37.2 39.3 71.3 39.0 54.5 39.0 39.0 12:01:24.669
35.840 39.0 37.2 39.3 71.3 39.0 54.6 39.0 39.0 12:01:24.840
36.011 38.8 37.2 39.3 71.3 39.0 54.6 39.0 39.0 12:01:25.011
36.181 38.7 37.2 39.3 71.3 39.0 54.6 39.0 39.0 12:01:25.181
36.352 38.5 37.2 39.3 71.3 39.0 54.6 39.0 39.0 12:01:25.352
36.523 38.4 37.2 39.3 71.3 39.0 54.6 39.0 39.0 12:01:25.523
36.693 38.0 37.2 39.3 71.3 39.0 54.7 39.0 39.0 12:01:25.693
36.864 38.2 37.2 39.3 71.3 39.0 54.7 39.0 39.0 12:01:25.864
37.035 38.4 37.2 39.3 71.3 39.0 54.7 39.0 39.0 12:01:26.035
37.205 37.7 37.2 39.3 71.3 39.0 54.7 39.0 39.0 12:01:26.205
37.376 37.6 37.2 39.3 71.3 39.0 54.7 39.0 39.0 12:01:26.376
37.547 38.0 37.2 39.3 71.8 39.0 54.8 39.0 39.0 12:01:26.547
37.717 38.3 37.2 39.3 71.8 39.0 54.8 39.0 39.0 12:01:26.717
37.888 38.5 37.2 39.3 71.8 39.0 54.8 39.0 39.0 12:01:26.888
38.059 38.0 37.2 39.3 71.8 39.0 54.8 39.0 39.0 12:01:27.059
38.229 37.9 37.2 39.3 71.8 39.0 54.8 39.0 39.0 12:01:27.229
38.400 37.5 37.2 39.3 71.8 39.0 54.9 39.0 39.0 12:01:27.400
38.571 37.6 37.2 39.3 71.8 39.0 54.9 39.0 39.0 12:01:27.571
38.741 37.8 37.2 39.3 71.8 39.0 54.9 39.0 39.0 12:01:27.741
38.912 37.9 37.2 39.3 71.8 39.0 54.9 39.0 39.0 12:01:27.912
39.083 38.0 37.2 39.3 71.8 39.0 54.9 39.0 39.0 12:01:28.083
39.253 38.5 37.2 39.3 71.8 39.0 54.9 39.0 39.0 12:01:28.253
39.424 38.4 37.2 39.3 71.8 39.0 55.0 39.0 39.0 12:01:28.424
39.595 37.9 37.2 39.3 71.8 39.0 55.0 39.0 39.0 12:01:28.595
39.765 37.8 37.2 39.3 71.8 39.0 55.0 39.0 39.0 12:01:28.765
39.936 37.8 37.2 39.3 71.8 39.0 55.0 39.0 39.0 12:01:28.936
40.107 37.7 37.2 39.3 71.8 39.0 55.0 39.0 39.0 12:01:29.107
40.277 37.6 37.2 39.3 71.8 39.0 55.0 39.0 39.0 12:01:29.277
40.448 37.9 37.2 39.3 71.8 39.0 55.1 39.0 39.0 12:01:29.448
40.619 37.9 37.2 39.3 71.8 39.0 55.1 39.0 39.0 12:01:29.619
40.789 37.8 37.2 39.3 71.8 39.0 55.1 39.0 39.0 12:01:29.789
40.960 38.0 37.2 39.3 71.8 39.0 55.1 39.0 39.0 12:01:29.960
41.131 37.7 37.2 39.3 71.8 39.0 55.1 39.0 39.0 12:01:30.131
41.301 37.6 37.2 39.3 71.8 39.0 55.2 39.0 39.0 12:01:30.301
41.472 37.8 37.2 39.3 71.8 39.0 55.2 39.0 39.0 12:01:30.472
41.643 37.6 37.2 39.3 71.8 39.0 55.2 39.0 39.0 12:01:30.643
41.813 37.2 37.2 39.3 71.8 39.0 55.2 39.0 39.0 12:01:30.813
41.984 37.5 37.2 39.3 71.8 39.0 55.2 39.0 39.0 12:01:30.984
42.155 37.7 37.2 39.3 71.8 39.0 55.2 39.0 39.0 12:01:31.155
42.325 37.9 37.2 39.3 71.8 39.0 55.2 39.0 39.0 12:01:31.325
42.496 37.8 37.2 39.3 71.8 39.0 55.3 39.0 39.0 12:01:31.496
42.667 37.6 37.2 39.3 71.8 39.0 55.3 39.0 39.0 12:01:31.667
42.837 37.5 37.2 39.3 71.8 39.0 55.3 39.0 39.0 12:01:31.837
43.008 37.6 37.2 39.3 71.8 39.0 55.3 39.0 39.0 12:01:32.008
43.179 37.9 37.2 39.3 71.8 39.0 55.3 39.0 39.0 12:01:32.179
43.349 38.0 37.2 39.3 71.8 39.0 55.3 39.0 39.0 12:01:32.349
43.520 37.9 37.2 39.3 71.8 39.0 55.4 39.0 39.0 12:01:32.520
43.691 37.2 37.2 39.3 71.8 39.0 55.4 39.0 39.0 12:01:32.691
43.861 37.4 37.2 39.3 71.8 39.0 55.4 39.0 39.0 12:01:32.861
44.032 37.7 37.2 39.3 71.8 39.0 55.4 39.0 39.0 12:01:33.032
44.203 37.9 37.2 39.3 71.8 39.0 55.4 39.0 39.0 12:01:33.203
44.373 37.9 37.2 39.3 71.8 39.0 55.4 39.0 39.0 12:01:33.373
44.544 38.1 37.2 39.3 71.8 39.0 55.5 39.0 39.0 12:01:33.544
44.715 38.0 37.2 39.3 71.8 39.0 55.5 39.0 39.0 12:01:33.715
44.885 38.1 37.2 39.3 71.8 39.0 55.5 39.0 39.0 12:01:33.885
45.056 38.0 37.2 39.3 71.8 39.0 55.5 39.0 39.0 12:01:34.056
45.227 38.1 37.2 39.3 71.8 39.0 55.5 39.0 39.0 12:01:34.227
45.397 38.2 37.2 39.3 71.8 39.0 55.5 39.0 39.0 12:01:34.397
45.568 38.1 37.2 39.3 71.8 39.0 55.5 39.0 39.0 12:01:34.568
45.739 38.2 37.2 39.3 71.8 39.0 55.6 39.0 39.0 12:01:34.739
45.909 37.7 37.2 39.3 71.8 39.0 55.6 39.0 39.0 12:01:34.909
46.080 37.4 37.2 39.3 71.8 39.0 55.6 39.0 39.0 12:01:35.080
46.251 37.9 37.2 39.3 71.8 39.0 55.6 39.0 39.0 12:01:35.251
46.421 38.4 37.2 39.3 71.8 39.0 55.6 39.0 39.0 12:01:35.421
46.592 38.5 37.2 39.3 71.8 39.0 55.7 39.0 39.0 12:01:35.592
46.763 38.3 37.2 39.3 71.8 39.0 55.7 39.0 39.0 12:01:35.763
46.933 37.9 37.2 39.3 71.8 39.0 55.7 39.0 39.0 12:01:35.933
47.104 38.0 37.2 39.3 71.8 39.0 55.7 39.0 39.0 12:01:36.104
47.275 38.2 37.2 39.3 71.8 39.0 55.7 39.0 39.0 12:01:36.275
47.445 38.0 37.2 39.3 71.8 39.0 55.7 39.0 39.0 12:01:36.445
47.616 37.8 37.2 39.3 71.8 39.0 55.7 39.0 39.0 12:01:36.616
47.787 38.0 37.2 39.3 71.8 39.0 55.8 39.0 39.0 12:01:36.787
47.957 37.5 37.2 39.3 71.8 39.0 55.8 39.0 39.0 12:01:36.957
48.128 37.4 37.2 39.3 71.8 38.9 55.8 38.9 38.9 12:01:37.128
48.299 37.6 37.2 39.3 71.8 38.9 55.8 38.9 38.9 12:01:37.299
48.469 37.4 37.2 39.3 71.8 38.9 55.8 38.9 38.9 12:01:37.469
48.640 37.7 37.2 39.3 71.8 38.9 55.8 38.9 38.9 12:01:37.640
48.811 37.8 37.2 39.3 71.8 38.9 55.8 38.9 38.9 12:01:37.811
48.981 38.2 37.2 39.3 71.8 38.9 55.8 38.9 38.9 12:01:37.981
49.152 38.3 37.2 39.3 71.8 38.9 55.9 38.9 38.9 12:01:38.152
49.323 38.7 37.2 39.3 71.8 39.0 55.9 39.0 39.0 12:01:38.323
49.493 38.6 37.2 39.3 71.8 39.0 55.9 39.0 39.0 12:01:38.493
49.664 38.4 37.2 39.3 71.8 39.0 55.9 39.0 39.0 12:01:38.664
49.835 38.2 37.2 39.3 71.8 39.0 55.9 39.0 39.0 12:01:38.835
50.005 38.1 37.2 39.3 71.8 39.0 55.9 39.0 39.0 12:01:39.005
50.176 38.0 37.2 39.3 71.8 39.0 56.0 39.0 39.0 12:01:39.176
50.347 37.6 37.2 39.3 71.8 38.9 56.0 38.9 38.9 12:01:39.347
50.517 37.6 37.2 39.3 71.8 38.9 56.0 38.9 38.9 12:01:39.517
50.688 38.0 37.2 39.3 71.8 39.0 56.0 39.0 39.0 12:01:39.688
50.859 38.2 37.2 39.3 71.8 39.0 56.0 39.0 39.0 12:01:39.859
51.029 38.0 37.2 39.3 71.8 39.0 56.0 39.0 39.0 12:01:40.029
51.200 38.1 37.2 39.3 71.8 38.9 56.0 38.9 38.9 12:01:40.200
51.371 37.9 37.2 39.3 71.8 38.9 56.1 38.9 38.9 12:01:40.371
51.541 38.1 37.2 39.3 71.8 38.9 56.1 38.9 38.9 12:01:40.541
51.712 37.8 37.2 39.3 71.8 38.9 56.1 38.9 38.9 12:01:40.712
51.883 38.0 37.2 39.3 71.8 38.9 56.1 38.9 38.9 12:01:40.883
52.053 37.7 37.2 39.3 71.8 38.9 56.1 38.9 38.9 12:01:41.053
52.224 37.6 37.2 39.3 71.8 38.9 56.1 38.9 38.9 12:01:41.224
52.395 37.8 37.2 39.3 71.8 38.9 56.1 38.9 38.9 12:01:41.395
52.565 37.9 37.2 39.3 71.8 38.9 56.1 38.9 38.9 12:01:41.565
52.736 38.1 37.2 39.3 71.8 38.9 56.2 38.9 38.9 12:01:41.736
52.907 38.0 37.2 39.3 71.8 38.9 56.2 38.9 38.9 12:01:41.907
53.077 37.5 37.2 39.3 71.8 38.9 56.2 38.9 38.9 12:01:42.077
53.248 37.3 37.2 39.3 71.8 38.9 56.2 38.9 38.9 12:01:42.248
53.419 37.5 37.2 39.3 71.8 38.9 56.2 38.9 38.9 12:01:42.419
53.589 37.7 37.2 39.3 71.8 38.9 56.2 38.9 38.9 12:01:42.589
53.760 37.8 37.2 39.3 71.8 38.9 56.2 38.9 38.9 12:01:42.760
53.931 38.0 37.2 39.3 71.8 38.9 56.2 38.9 38.9 12:01:42.931
54.101 38.2 37.2 39.3 71.8 38.9 56.3 38.9 38.9 12:01:43.101
54.272 38.2 37.2 39.3 71.8 38.9 56.3 38.9 38.9 12:01:43.272
54.443 37.7 37.2 39.3 71.8 38.9 56.3 38.9 38.9 12:01:43.443
54.613 38.2 37.2 39.3 71.8 38.9 56.3 38.9 38.9 12:01:43.613
54.784 38.4 37.2 39.3 71.8 38.9 56.3 38.9 38.9 12:01:43.784
54.955 38.6 37.2 39.3 71.8 38.9 56.3 38.9 38.9 12:01:43.955
55.125 38.7 37.2 39.3 71.8 38.9 56.3 38.9 38.9 12:01:44.125
55.296 38.2 37.2 39.3 71.8 38.9 56.4 38.9 38.9 12:01:44.296
55.467 37.9 37.2 39.3 71.8 38.9 56.4 38.9 38.9 12:01:44.467
55.637 38.2 37.2 39.3 71.8 38.9 56.4 38.9 38.9 12:01:44.637
55.808 38.4 37.2 39.3 71.8 38.9 56.4 38.9 38.9 12:01:44.808
55.979 38.3 37.2 39.3 71.8 38.9 56.4 38.9 38.9 12:01:44.979
56.149 37.8 37.2 39.3 71.8 38.9 56.4 38.9 38.9 12:01:45.149
56.320 37.8 37.2 39.3 71.8 38.9 56.4 38.9 38.9 12:01:45.320
56.491 37.9 37.2 39.3 71.8 38.9 56.4 38.9 38.9 12:01:45.491
56.661 37.4 37.2 39.3 71.8 38.9 56.5 38.9 38.9 12:01:45.661
56.832 37.8 37.2 39.3 71.8 38.9 56.5 38.9 38.9 12:01:45.832
57.003 38.1 37.2 39.3 71.8 38.9 56.5 38.9 38.9 12:01:46.003
57.173 38.2 37.2 39.3 71.8 38.9 56.5 38.9 38.9 12:01:46.173
57.344 38.3 37.2 39.3 71.8 38.9 56.5 38.9 38.9 12:01:46.344
57.515 37.5 37.2 39.3 71.8 38.9 56.5 38.9 38.9 12:01:46.515
57.685 37.6 37.2 39.3 71.8 38.9 56.5 38.9 38.9 12:01:46.685
57.856 38.1 37.2 39.3 71.8 38.9 56.5 38.9 38.9 12:01:46.856
58.027 37.7 37.2 39.3 71.8 38.9 56.6 38.9 38.9 12:01:47.027
58.197 37.7 37.2 39.3 71.8 38.9 56.6 38.9 38.9 12:01:47.197
58.368 37.9 37.2 39.3 71.8 38.9 56.6 38.9 38.9 12:01:47.368
58.539 37.9 37.2 39.3 71.8 38.9 56.6 38.9 38.9 12:01:47.539
58.709 37.7 37.2 39.3 71.8 38.9 56.6 38.9 38.9 12:01:47.709
58.880 38.0 37.2 39.3 71.8 38.9 56.6 38.9 38.9 12:01:47.880
59.051 37.9 37.2 39.3 71.8 38.9 56.6 38.9 38.9 12:01:48.051
59.221 37.9 37.2 39.3 71.8 38.9 56.6 38.9 38.9 12:01:48.221
59.392 37.8 37.2 39.3 71.8 38.9 56.7 38.9 38.9 12:01:48.392
59.563 37.6 37.2 39.3 71.8 38.9 56.7 38.9 38.9 12:01:48.563
59.733 37.5 37.2 39.3 71.8 38.9 56.7 38.9 38.9 12:01:48.733
59.904 37.8 37.2 39.3 71.8 38.9 56.7 38.9 38.9 12:01:48.904
60.075 37.9 37.2 39.3 71.8 38.9 56.7 38.9 38.9 12:01:49.075
60.245 38.0 37.2 39.3 71.8 38.9 56.7 38.9 38.9 12:01:49.245
60.416 38.0 37.2 39.3 71.8 38.9 56.7 38.9 38.9 12:01:49.416
60.587 37.9 37.2 39.3 71.8 38.9 56.7 38.9 38.9 12:01:49.587
60.757 37.7 37.2 39.3 71.8 38.9 56.7 38.9 38.9 12:01:49.757
60.928 37.7 37.2 39.3 71.8 38.9 56.8 38.9 38.9 12:01:49.928
61.099 37.9 37.2 39.3 71.8 38.9 56.8 38.9 38.9 12:01:50.099
61.269 37.8 37.2 39.3 71.8 38.9 56.8 38.9 38.9 12:01:50.269
61.440 37.6 37.2 39.3 71.8 38.9 56.8 38.9 38.9 12:01:50.440
61.611 38.2 37.2 39.3 71.8 38.9 56.8 38.9 38.9 12:01:50.611
61.781 38.4 37.2 39.3 71.8 38.9 56.8 38.9 38.9 12:01:50.781
61.952 38.7 37.2 39.3 71.8 38.9 56.8 38.9 38.9 12:01:50.952
62.123 38.9 37.2 39.3 71.8 38.9 56.9 38.9 38.9 12:01:51.123
62.293 38.6 37.2 39.3 71.8 38.9 56.9 38.9 38.9 12:01:51.293
62.464 38.5 37.2 39.3 71.8 38.9 56.9 38.9 38.9 12:01:51.464

