SPL log data saved by REW V5.20.4
Soundcard cal: 
Mic/meter cal: 
SPL cal offset: 139.66781387329104 dB
High Pass Filter: Off
Date: Mar 4, 2022 11:54:28 AM
Start: 1646394868632
Log length: 538 entries over 91.8s
Log interval: 0.17066666666666666 seconds

Time[s] LCS LCSMin LCSMax LZpeak LCeq LCE LCeq1m LCeq10m
0.171 43.9 43.9 44.4 58.9 43.2 35.6 43.2 43.2 11:54:28.171
0.341 43.2 43.2 44.4 58.9 42.9 38.2 42.9 42.9 11:54:28.341
0.512 42.4 42.4 44.4 58.9 42.6 39.6 42.6 42.6 11:54:28.512
0.683 41.7 41.7 44.4 58.9 42.3 40.7 42.3 42.3 11:54:28.683
0.853 41.9 41.7 44.4 58.9 42.4 41.7 42.4 42.4 11:54:28.853
1.024 41.7 41.7 44.4 58.9 42.4 42.5 42.4 42.4 11:54:29.024
1.195 41.5 41.5 44.4 58.9 42.3 43.0 42.3 42.3 11:54:29.195
1.365 41.6 41.5 44.4 58.9 42.2 43.6 42.2 42.2 11:54:29.365
1.536 41.6 41.5 44.4 58.9 42.2 44.1 42.2 42.2 11:54:29.536
1.707 41.6 41.5 44.4 58.9 42.2 44.5 42.2 42.2 11:54:29.707
1.877 41.4 41.4 44.4 58.9 42.2 44.9 42.2 42.2 11:54:29.877
2.048 41.3 41.2 44.4 58.9 42.1 45.3 42.1 42.1 11:54:30.048
2.219 41.3 41.2 44.4 58.9 42.1 45.6 42.1 42.1 11:54:30.219
2.389 41.4 41.2 44.4 58.9 42.1 45.9 42.1 42.1 11:54:30.389
2.560 41.5 41.2 44.4 58.9 42.1 46.2 42.1 42.1 11:54:30.560
2.731 41.6 41.2 44.4 58.9 42.1 46.4 42.1 42.1 11:54:30.731
2.901 41.6 41.2 44.4 58.9 42.1 46.7 42.1 42.1 11:54:30.901
3.072 41.7 41.2 44.4 58.9 42.0 46.9 42.0 42.0 11:54:31.072
3.243 41.7 41.2 44.4 58.9 42.0 47.2 42.0 42.0 11:54:31.243
3.413 41.7 41.2 44.4 58.9 42.0 47.4 42.0 42.0 11:54:31.413
3.584 41.8 41.2 44.4 58.9 42.0 47.6 42.0 42.0 11:54:31.584
3.755 41.8 41.2 44.4 58.9 42.0 47.8 42.0 42.0 11:54:31.755
3.925 41.8 41.2 44.4 58.9 42.0 48.0 42.0 42.0 11:54:31.925
4.096 41.3 41.2 44.4 58.9 42.0 48.1 42.0 42.0 11:54:32.096
4.267 41.3 41.2 44.4 58.9 42.0 48.3 42.0 42.0 11:54:32.267
4.437 41.0 41.0 44.4 58.9 42.0 48.4 42.0 42.0 11:54:32.437
4.608 41.1 41.0 44.4 58.9 41.9 48.6 41.9 41.9 11:54:32.608
4.779 41.1 41.0 44.4 58.9 41.9 48.7 41.9 41.9 11:54:32.779
4.949 41.2 41.0 44.4 58.9 41.9 48.9 41.9 41.9 11:54:32.949
5.120 41.4 41.0 44.4 58.9 41.9 49.0 41.9 41.9 11:54:33.120
5.291 41.3 41.0 44.4 58.9 41.9 49.2 41.9 41.9 11:54:33.291
5.461 41.3 41.0 44.4 58.9 41.9 49.3 41.9 41.9 11:54:33.461
5.632 41.4 41.0 44.4 58.9 41.9 49.4 41.9 41.9 11:54:33.632
5.803 41.2 41.0 44.4 58.9 41.9 49.5 41.9 41.9 11:54:33.803
5.973 41.3 41.0 44.4 58.9 41.9 49.7 41.9 41.9 11:54:33.973
6.144 41.5 41.0 44.4 61.4 41.9 49.8 41.9 41.9 11:54:34.144
6.315 43.9 41.0 44.4 66.3 42.8 50.8 42.8 42.8 11:54:34.315
6.485 45.2 41.0 45.2 66.3 43.3 51.4 43.3 43.3 11:54:34.485
6.656 45.3 41.0 45.8 67.4 43.5 51.7 43.5 43.5 11:54:34.656
6.827 45.0 41.0 45.8 67.4 43.6 51.9 43.6 43.6 11:54:34.827
6.997 45.4 41.0 45.8 67.4 43.8 52.2 43.8 43.8 11:54:34.997
7.168 44.6 41.0 45.8 67.4 43.8 52.3 43.8 43.8 11:54:35.168
7.339 43.9 41.0 45.8 67.4 43.7 52.4 43.7 43.7 11:54:35.339
7.509 43.2 41.0 45.8 67.4 43.7 52.5 43.7 43.7 11:54:35.509
7.680 42.7 41.0 45.8 67.4 43.7 52.6 43.7 43.7 11:54:35.680
7.851 43.5 41.0 45.8 67.4 43.9 52.8 43.9 43.9 11:54:35.851
8.021 42.8 41.0 45.8 67.4 43.8 52.9 43.8 43.8 11:54:36.021
8.192 42.1 41.0 45.8 67.4 43.8 52.9 43.8 43.8 11:54:36.192
8.363 43.4 41.0 45.8 68.4 44.0 53.2 44.0 44.0 11:54:36.363
8.533 43.0 41.0 45.8 68.4 44.0 53.3 44.0 44.0 11:54:36.533
8.704 42.8 41.0 45.8 68.4 44.0 53.4 44.0 44.0 11:54:36.704
8.875 42.1 41.0 45.8 68.4 43.9 53.4 43.9 43.9 11:54:36.875
9.045 42.5 41.0 45.8 68.4 43.9 53.5 43.9 43.9 11:54:37.045
9.216 42.6 41.0 45.8 68.4 43.9 53.6 43.9 43.9 11:54:37.216
9.387 42.7 41.0 45.8 68.4 43.9 53.6 43.9 43.9 11:54:37.387
9.557 43.2 41.0 45.8 68.4 44.0 53.8 44.0 44.0 11:54:37.557
9.728 43.5 41.0 45.8 68.4 44.0 53.9 44.0 44.0 11:54:37.728
9.899 43.1 41.0 45.8 68.4 44.0 53.9 44.0 44.0 11:54:37.899
10.069 42.7 41.0 45.8 68.4 43.9 54.0 43.9 43.9 11:54:38.069
10.240 41.9 41.0 45.8 68.4 43.9 54.0 43.9 43.9 11:54:38.240
10.411 42.1 41.0 45.8 68.4 43.9 54.1 43.9 43.9 11:54:38.411
10.581 43.5 41.0 45.8 68.4 44.0 54.3 44.0 44.0 11:54:38.581
10.752 44.1 41.0 45.8 68.4 44.1 54.4 44.1 44.1 11:54:38.752
10.923 43.7 41.0 45.8 68.4 44.1 54.5 44.1 44.1 11:54:38.923
11.093 42.9 41.0 45.8 68.4 44.1 54.5 44.1 44.1 11:54:39.093
11.264 42.2 41.0 45.8 68.4 44.1 54.6 44.1 44.1 11:54:39.264
11.435 41.7 41.0 45.8 68.4 44.0 54.6 44.0 44.0 11:54:39.435
11.605 41.8 41.0 45.8 68.4 44.0 54.7 44.0 44.0 11:54:39.605
11.776 41.5 41.0 45.8 68.4 44.0 54.7 44.0 44.0 11:54:39.776
11.947 42.4 41.0 45.8 68.4 44.0 54.8 44.0 44.0 11:54:39.947
12.117 42.2 41.0 45.8 68.4 44.0 54.8 44.0 44.0 11:54:40.117
12.288 41.8 41.0 45.8 68.4 44.0 54.9 44.0 44.0 11:54:40.288
12.459 41.6 41.0 45.8 68.4 44.0 54.9 44.0 44.0 11:54:40.459
12.629 41.6 41.0 45.8 68.4 43.9 55.0 43.9 43.9 11:54:40.629
12.800 41.7 41.0 45.8 68.4 43.9 55.0 43.9 43.9 11:54:40.800
12.971 41.2 41.0 45.8 68.4 43.9 55.0 43.9 43.9 11:54:40.971
13.141 41.3 41.0 45.8 68.4 43.9 55.1 43.9 43.9 11:54:41.141
13.312 41.4 41.0 45.8 68.4 43.8 55.1 43.8 43.8 11:54:41.312
13.483 41.5 41.0 45.8 68.4 43.8 55.1 43.8 43.8 11:54:41.483
13.653 41.6 41.0 45.8 68.4 43.8 55.2 43.8 43.8 11:54:41.653
13.824 41.3 41.0 45.8 68.4 43.8 55.2 43.8 43.8 11:54:41.824
13.995 42.1 41.0 45.8 68.4 43.8 55.3 43.8 43.8 11:54:41.995
14.165 42.1 41.0 45.8 68.4 43.8 55.3 43.8 43.8 11:54:42.165
14.336 41.9 41.0 45.8 68.4 43.8 55.4 43.8 43.8 11:54:42.336
14.507 42.0 41.0 45.8 68.4 43.8 55.4 43.8 43.8 11:54:42.507
14.677 41.7 41.0 45.8 68.4 43.8 55.4 43.8 43.8 11:54:42.677
14.848 41.8 41.0 45.8 68.4 43.7 55.5 43.7 43.7 11:54:42.848
15.019 41.3 41.0 45.8 68.4 43.7 55.5 43.7 43.7 11:54:43.019
15.189 41.3 41.0 45.8 68.4 43.7 55.5 43.7 43.7 11:54:43.189
15.360 41.2 41.0 45.8 68.4 43.7 55.5 43.7 43.7 11:54:43.360
15.531 41.3 41.0 45.8 68.4 43.7 55.6 43.7 43.7 11:54:43.531
15.701 41.1 41.0 45.8 68.4 43.6 55.6 43.6 43.6 11:54:43.701
15.872 40.9 40.9 45.8 68.4 43.6 55.6 43.6 43.6 11:54:43.872
16.043 41.0 40.9 45.8 68.4 43.6 55.7 43.6 43.6 11:54:44.043
16.213 41.0 40.9 45.8 68.4 43.6 55.7 43.6 43.6 11:54:44.213
16.384 41.1 40.9 45.8 68.4 43.6 55.7 43.6 43.6 11:54:44.384
16.555 41.1 40.9 45.8 68.4 43.6 55.7 43.6 43.6 11:54:44.555
16.725 41.2 40.9 45.8 68.4 43.5 55.8 43.5 43.5 11:54:44.725
16.896 41.4 40.9 45.8 68.4 43.5 55.8 43.5 43.5 11:54:44.896
17.067 41.4 40.9 45.8 68.4 43.5 55.8 43.5 43.5 11:54:45.067
17.237 41.5 40.9 45.8 68.4 43.5 55.9 43.5 43.5 11:54:45.237
17.408 40.8 40.8 45.8 68.4 43.5 55.9 43.5 43.5 11:54:45.408
17.579 40.9 40.8 45.8 68.4 43.5 55.9 43.5 43.5 11:54:45.579
17.749 41.0 40.8 45.8 68.4 43.4 55.9 43.4 43.4 11:54:45.749
17.920 41.1 40.8 45.8 68.4 43.4 56.0 43.4 43.4 11:54:45.920
18.091 41.3 40.8 45.8 68.4 43.4 56.0 43.4 43.4 11:54:46.091
18.261 40.9 40.8 45.8 68.4 43.4 56.0 43.4 43.4 11:54:46.261
18.432 41.1 40.8 45.8 68.4 43.4 56.0 43.4 43.4 11:54:46.432
18.603 41.2 40.8 45.8 68.4 43.4 56.1 43.4 43.4 11:54:46.603
18.773 41.4 40.8 45.8 68.4 43.4 56.1 43.4 43.4 11:54:46.773
18.944 41.4 40.8 45.8 68.4 43.4 56.1 43.4 43.4 11:54:46.944
19.115 41.5 40.8 45.8 68.4 43.3 56.2 43.3 43.3 11:54:47.115
19.285 41.2 40.8 45.8 68.4 43.3 56.2 43.3 43.3 11:54:47.285
19.456 41.3 40.8 45.8 68.4 43.3 56.2 43.3 43.3 11:54:47.456
19.627 41.1 40.8 45.8 68.4 43.3 56.2 43.3 43.3 11:54:47.627
19.797 40.9 40.8 45.8 68.4 43.3 56.3 43.3 43.3 11:54:47.797
19.968 40.7 40.7 45.8 68.4 43.3 56.3 43.3 43.3 11:54:47.968
20.139 40.8 40.7 45.8 68.4 43.3 56.3 43.3 43.3 11:54:48.139
20.309 41.1 40.7 45.8 68.4 43.3 56.3 43.3 43.3 11:54:48.309
20.480 41.2 40.7 45.8 68.4 43.3 56.4 43.3 43.3 11:54:48.480
20.651 41.3 40.7 45.8 68.4 43.2 56.4 43.2 43.2 11:54:48.651
20.821 41.2 40.7 45.8 68.4 43.2 56.4 43.2 43.2 11:54:48.821
20.992 41.2 40.7 45.8 68.4 43.2 56.4 43.2 43.2 11:54:48.992
21.163 41.2 40.7 45.8 68.4 43.2 56.5 43.2 43.2 11:54:49.163
21.333 41.1 40.7 45.8 68.4 43.2 56.5 43.2 43.2 11:54:49.333
21.504 41.2 40.7 45.8 68.4 43.2 56.5 43.2 43.2 11:54:49.504
21.675 41.4 40.7 45.8 68.4 43.2 56.5 43.2 43.2 11:54:49.675
21.845 41.3 40.7 45.8 68.4 43.2 56.6 43.2 43.2 11:54:49.845
22.016 41.0 40.7 45.8 68.4 43.2 56.6 43.2 43.2 11:54:50.016
22.187 41.0 40.7 45.8 68.4 43.1 56.6 43.1 43.1 11:54:50.187
22.357 41.0 40.7 45.8 68.4 43.1 56.6 43.1 43.1 11:54:50.357
22.528 41.2 40.7 45.8 68.4 43.1 56.7 43.1 43.1 11:54:50.528
22.699 41.4 40.7 45.8 68.4 43.1 56.7 43.1 43.1 11:54:50.699
22.869 41.4 40.7 45.8 68.4 43.1 56.7 43.1 43.1 11:54:50.869
23.040 41.2 40.7 45.8 68.4 43.1 56.7 43.1 43.1 11:54:51.040
23.211 41.0 40.7 45.8 68.4 43.1 56.7 43.1 43.1 11:54:51.211
23.381 41.1 40.7 45.8 68.4 43.1 56.8 43.1 43.1 11:54:51.381
23.552 41.0 40.7 45.8 68.4 43.1 56.8 43.1 43.1 11:54:51.552
23.723 41.1 40.7 45.8 68.4 43.1 56.8 43.1 43.1 11:54:51.723
23.893 41.2 40.7 45.8 68.4 43.1 56.8 43.1 43.1 11:54:51.893
24.064 41.3 40.7 45.8 68.4 43.0 56.9 43.0 43.0 11:54:52.064
24.235 41.4 40.7 45.8 68.4 43.0 56.9 43.0 43.0 11:54:52.235
24.405 41.5 40.7 45.8 68.4 43.0 56.9 43.0 43.0 11:54:52.405
24.576 41.3 40.7 45.8 68.4 43.0 56.9 43.0 43.0 11:54:52.576
24.747 41.5 40.7 45.8 68.4 43.0 57.0 43.0 43.0 11:54:52.747
24.917 41.6 40.7 45.8 68.4 43.0 57.0 43.0 43.0 11:54:52.917
25.088 41.6 40.7 45.8 68.4 43.0 57.0 43.0 43.0 11:54:53.088
25.259 41.4 40.7 45.8 68.4 43.0 57.0 43.0 43.0 11:54:53.259
25.429 41.0 40.7 45.8 68.4 43.0 57.0 43.0 43.0 11:54:53.429
25.600 41.0 40.7 45.8 68.4 43.0 57.1 43.0 43.0 11:54:53.600
25.771 41.0 40.7 45.8 68.4 43.0 57.1 43.0 43.0 11:54:53.771
25.941 40.8 40.7 45.8 68.4 43.0 57.1 43.0 43.0 11:54:53.941
26.112 40.9 40.7 45.8 68.4 43.0 57.1 43.0 43.0 11:54:54.112
26.283 41.1 40.7 45.8 68.4 42.9 57.1 42.9 42.9 11:54:54.283
26.453 41.2 40.7 45.8 68.4 42.9 57.2 42.9 42.9 11:54:54.453
26.624 41.3 40.7 45.8 68.4 42.9 57.2 42.9 42.9 11:54:54.624
26.795 41.2 40.7 45.8 68.4 42.9 57.2 42.9 42.9 11:54:54.795
26.965 41.2 40.7 45.8 68.4 42.9 57.2 42.9 42.9 11:54:54.965
27.136 41.1 40.7 45.8 68.4 42.9 57.2 42.9 42.9 11:54:55.136
27.307 41.2 40.7 45.8 68.4 42.9 57.3 42.9 42.9 11:54:55.307
27.477 41.0 40.7 45.8 68.4 42.9 57.3 42.9 42.9 11:54:55.477
27.648 41.1 40.7 45.8 68.4 42.9 57.3 42.9 42.9 11:54:55.648
27.819 41.1 40.7 45.8 68.4 42.9 57.3 42.9 42.9 11:54:55.819
27.989 40.9 40.7 45.8 68.4 42.9 57.3 42.9 42.9 11:54:55.989
28.160 41.0 40.7 45.8 68.4 42.9 57.4 42.9 42.9 11:54:56.160
28.331 41.0 40.7 45.8 68.4 42.9 57.4 42.9 42.9 11:54:56.331
28.501 41.1 40.7 45.8 68.4 42.9 57.4 42.9 42.9 11:54:56.501
28.672 41.0 40.7 45.8 68.4 42.8 57.4 42.8 42.8 11:54:56.672
28.843 41.1 40.7 45.8 68.4 42.8 57.4 42.8 42.8 11:54:56.843
29.013 41.2 40.7 45.8 68.4 42.8 57.5 42.8 42.8 11:54:57.013
29.184 41.3 40.7 45.8 68.4 42.8 57.5 42.8 42.8 11:54:57.184
29.355 41.2 40.7 45.8 68.4 42.8 57.5 42.8 42.8 11:54:57.355
29.525 41.2 40.7 45.8 68.4 42.8 57.5 42.8 42.8 11:54:57.525
29.696 41.2 40.7 45.8 68.4 42.8 57.5 42.8 42.8 11:54:57.696
29.867 41.3 40.7 45.8 68.4 42.8 57.6 42.8 42.8 11:54:57.867
30.037 41.1 40.7 45.8 68.4 42.8 57.6 42.8 42.8 11:54:58.037
30.208 41.1 40.7 45.8 68.4 42.8 57.6 42.8 42.8 11:54:58.208
30.379 41.2 40.7 45.8 68.4 42.8 57.6 42.8 42.8 11:54:58.379
30.549 41.3 40.7 45.8 68.4 42.8 57.6 42.8 42.8 11:54:58.549
30.720 41.3 40.7 45.8 68.4 42.8 57.6 42.8 42.8 11:54:58.720
30.891 41.4 40.7 45.8 68.4 42.8 57.7 42.8 42.8 11:54:58.891
31.061 41.5 40.7 45.8 68.4 42.8 57.7 42.8 42.8 11:54:59.061
31.232 41.0 40.7 45.8 68.4 42.8 57.7 42.8 42.8 11:54:59.232
31.403 41.0 40.7 45.8 68.4 42.7 57.7 42.7 42.7 11:54:59.403
31.573 41.1 40.7 45.8 68.4 42.7 57.7 42.7 42.7 11:54:59.573
31.744 41.2 40.7 45.8 68.4 42.7 57.8 42.7 42.7 11:54:59.744
31.915 41.3 40.7 45.8 68.4 42.7 57.8 42.7 42.7 11:54:59.915
32.085 41.2 40.7 45.8 68.4 42.7 57.8 42.7 42.7 11:55:00.085
32.256 41.2 40.7 45.8 68.4 42.7 57.8 42.7 42.7 11:55:00.256
32.427 41.1 40.7 45.8 68.4 42.7 57.8 42.7 42.7 11:55:00.427
32.597 40.8 40.7 45.8 68.4 42.7 57.8 42.7 42.7 11:55:00.597
32.768 40.7 40.7 45.8 68.4 42.7 57.9 42.7 42.7 11:55:00.768
32.939 40.8 40.7 45.8 68.4 42.7 57.9 42.7 42.7 11:55:00.939
33.109 41.0 40.7 45.8 68.4 42.7 57.9 42.7 42.7 11:55:01.109
33.280 41.1 40.7 45.8 68.4 42.7 57.9 42.7 42.7 11:55:01.280
33.451 41.2 40.7 45.8 68.4 42.7 57.9 42.7 42.7 11:55:01.451
33.621 41.3 40.7 45.8 68.4 42.7 57.9 42.7 42.7 11:55:01.621
33.792 41.4 40.7 45.8 68.4 42.7 58.0 42.7 42.7 11:55:01.792
33.963 41.4 40.7 45.8 68.4 42.7 58.0 42.7 42.7 11:55:01.963
34.133 41.3 40.7 45.8 68.4 42.7 58.0 42.7 42.7 11:55:02.133
34.304 41.4 40.7 45.8 68.4 42.7 58.0 42.7 42.7 11:55:02.304
34.475 41.2 40.7 45.8 68.4 42.7 58.0 42.7 42.7 11:55:02.475
34.645 41.0 40.7 45.8 68.4 42.7 58.0 42.7 42.7 11:55:02.645
34.816 40.9 40.7 45.8 68.4 42.6 58.1 42.6 42.6 11:55:02.816
34.987 40.7 40.7 45.8 68.4 42.6 58.1 42.6 42.6 11:55:02.987
35.157 40.8 40.7 45.8 68.4 42.6 58.1 42.6 42.6 11:55:03.157
35.328 41.0 40.7 45.8 68.4 42.6 58.1 42.6 42.6 11:55:03.328
35.499 41.2 40.7 45.8 68.4 42.6 58.1 42.6 42.6 11:55:03.499
35.669 41.3 40.7 45.8 68.4 42.6 58.1 42.6 42.6 11:55:03.669
35.840 41.1 40.7 45.8 68.4 42.6 58.2 42.6 42.6 11:55:03.840
36.011 41.2 40.7 45.8 68.4 42.6 58.2 42.6 42.6 11:55:04.011
36.181 41.2 40.7 45.8 68.4 42.6 58.2 42.6 42.6 11:55:04.181
36.352 41.3 40.7 45.8 68.4 42.6 58.2 42.6 42.6 11:55:04.352
36.523 41.4 40.7 45.8 68.4 42.6 58.2 42.6 42.6 11:55:04.523
36.693 41.5 40.7 45.8 68.4 42.6 58.2 42.6 42.6 11:55:04.693
36.864 41.6 40.7 45.8 68.4 42.6 58.3 42.6 42.6 11:55:04.864
37.035 41.3 40.7 45.8 68.4 42.6 58.3 42.6 42.6 11:55:05.035
37.205 41.1 40.7 45.8 68.4 42.6 58.3 42.6 42.6 11:55:05.205
37.376 41.1 40.7 45.8 68.4 42.6 58.3 42.6 42.6 11:55:05.376
37.547 41.1 40.7 45.8 68.4 42.6 58.3 42.6 42.6 11:55:05.547
37.717 41.2 40.7 45.8 68.4 42.6 58.3 42.6 42.6 11:55:05.717
37.888 41.3 40.7 45.8 68.4 42.6 58.4 42.6 42.6 11:55:05.888
38.059 41.4 40.7 45.8 68.4 42.6 58.4 42.6 42.6 11:55:06.059
38.229 41.5 40.7 45.8 68.4 42.6 58.4 42.6 42.6 11:55:06.229
38.400 41.3 40.7 45.8 68.4 42.6 58.4 42.6 42.6 11:55:06.400
38.571 41.5 40.7 45.8 68.4 42.6 58.4 42.6 42.6 11:55:06.571
38.741 41.5 40.7 45.8 68.4 42.6 58.4 42.6 42.6 11:55:06.741
38.912 41.6 40.7 45.8 68.4 42.6 58.5 42.6 42.6 11:55:06.912
39.083 41.2 40.7 45.8 68.4 42.6 58.5 42.6 42.6 11:55:07.083
39.253 41.1 40.7 45.8 68.4 42.5 58.5 42.5 42.5 11:55:07.253
39.424 41.0 40.7 45.8 68.4 42.5 58.5 42.5 42.5 11:55:07.424
39.595 40.9 40.7 45.8 68.4 42.5 58.5 42.5 42.5 11:55:07.595
39.765 40.9 40.7 45.8 68.4 42.5 58.5 42.5 42.5 11:55:07.765
39.936 41.0 40.7 45.8 68.4 42.5 58.5 42.5 42.5 11:55:07.936
40.107 40.8 40.7 45.8 68.4 42.5 58.6 42.5 42.5 11:55:08.107
40.277 40.9 40.7 45.8 68.4 42.5 58.6 42.5 42.5 11:55:08.277
40.448 41.0 40.7 45.8 68.4 42.5 58.6 42.5 42.5 11:55:08.448
40.619 41.1 40.7 45.8 68.4 42.5 58.6 42.5 42.5 11:55:08.619
40.789 41.2 40.7 45.8 68.4 42.5 58.6 42.5 42.5 11:55:08.789
40.960 41.3 40.7 45.8 68.4 42.5 58.6 42.5 42.5 11:55:08.960
41.131 41.4 40.7 45.8 68.4 42.5 58.6 42.5 42.5 11:55:09.131
41.301 41.2 40.7 45.8 68.4 42.5 58.7 42.5 42.5 11:55:09.301
41.472 40.8 40.7 45.8 68.4 42.5 58.7 42.5 42.5 11:55:09.472
41.643 40.9 40.7 45.8 68.4 42.5 58.7 42.5 42.5 11:55:09.643
41.813 40.7 40.7 45.8 68.4 42.5 58.7 42.5 42.5 11:55:09.813
41.984 40.8 40.7 45.8 68.4 42.5 58.7 42.5 42.5 11:55:09.984
42.155 40.9 40.7 45.8 68.4 42.5 58.7 42.5 42.5 11:55:10.155
42.325 41.0 40.7 45.8 68.4 42.5 58.7 42.5 42.5 11:55:10.325
42.496 41.0 40.7 45.8 68.4 42.5 58.8 42.5 42.5 11:55:10.496
42.667 41.0 40.7 45.8 68.4 42.5 58.8 42.5 42.5 11:55:10.667
42.837 41.1 40.7 45.8 68.4 42.5 58.8 42.5 42.5 11:55:10.837
43.008 41.1 40.7 45.8 68.4 42.5 58.8 42.5 42.5 11:55:11.008
43.179 41.3 40.7 45.8 68.4 42.5 58.8 42.5 42.5 11:55:11.179
43.349 41.4 40.7 45.8 68.4 42.5 58.8 42.5 42.5 11:55:11.349
43.520 41.5 40.7 45.8 68.4 42.5 58.8 42.5 42.5 11:55:11.520
43.691 41.0 40.7 45.8 68.4 42.4 58.9 42.4 42.4 11:55:11.691
43.861 41.0 40.7 45.8 68.4 42.4 58.9 42.4 42.4 11:55:11.861
44.032 41.2 40.7 45.8 68.4 42.4 58.9 42.4 42.4 11:55:12.032
44.203 41.1 40.7 45.8 68.4 42.4 58.9 42.4 42.4 11:55:12.203
44.373 40.9 40.7 45.8 68.4 42.4 58.9 42.4 42.4 11:55:12.373
44.544 41.0 40.7 45.8 68.4 42.4 58.9 42.4 42.4 11:55:12.544
44.715 41.0 40.7 45.8 68.4 42.4 58.9 42.4 42.4 11:55:12.715
44.885 41.1 40.7 45.8 68.4 42.4 58.9 42.4 42.4 11:55:12.885
45.056 41.2 40.7 45.8 68.4 42.4 59.0 42.4 42.4 11:55:13.056
45.227 41.3 40.7 45.8 68.4 42.4 59.0 42.4 42.4 11:55:13.227
45.397 41.5 40.7 45.8 68.4 42.4 59.0 42.4 42.4 11:55:13.397
45.568 41.6 40.7 45.8 68.4 42.4 59.0 42.4 42.4 11:55:13.568
45.739 41.5 40.7 45.8 68.4 42.4 59.0 42.4 42.4 11:55:13.739
45.909 41.5 40.7 45.8 68.4 42.4 59.0 42.4 42.4 11:55:13.909
46.080 41.1 40.7 45.8 68.4 42.4 59.0 42.4 42.4 11:55:14.080
46.251 40.8 40.7 45.8 68.4 42.4 59.1 42.4 42.4 11:55:14.251
46.421 41.0 40.7 45.8 68.4 42.4 59.1 42.4 42.4 11:55:14.421
46.592 41.1 40.7 45.8 68.4 42.4 59.1 42.4 42.4 11:55:14.592
46.763 41.2 40.7 45.8 68.4 42.4 59.1 42.4 42.4 11:55:14.763
46.933 41.0 40.7 45.8 68.4 42.4 59.1 42.4 42.4 11:55:14.933
47.104 40.9 40.7 45.8 68.4 42.4 59.1 42.4 42.4 11:55:15.104
47.275 41.0 40.7 45.8 68.4 42.4 59.1 42.4 42.4 11:55:15.275
47.445 41.2 40.7 45.8 68.4 42.4 59.1 42.4 42.4 11:55:15.445
47.616 41.2 40.7 45.8 68.4 42.4 59.2 42.4 42.4 11:55:15.616
47.787 41.3 40.7 45.8 68.4 42.4 59.2 42.4 42.4 11:55:15.787
47.957 41.4 40.7 45.8 68.4 42.4 59.2 42.4 42.4 11:55:15.957
48.128 41.2 40.7 45.8 68.4 42.4 59.2 42.4 42.4 11:55:16.128
48.299 41.3 40.7 45.8 68.4 42.4 59.2 42.4 42.4 11:55:16.299
48.469 41.2 40.7 45.8 68.4 42.4 59.2 42.4 42.4 11:55:16.469
48.640 41.3 40.7 45.8 68.4 42.4 59.2 42.4 42.4 11:55:16.640
48.811 41.1 40.7 45.8 68.4 42.4 59.2 42.4 42.4 11:55:16.811
48.981 40.9 40.7 45.8 68.4 42.4 59.3 42.4 42.4 11:55:16.981
49.152 41.0 40.7 45.8 68.4 42.4 59.3 42.4 42.4 11:55:17.152
49.323 41.1 40.7 45.8 68.4 42.4 59.3 42.4 42.4 11:55:17.323
49.493 41.2 40.7 45.8 68.4 42.4 59.3 42.4 42.4 11:55:17.493
49.664 41.3 40.7 45.8 68.4 42.4 59.3 42.4 42.4 11:55:17.664
49.835 41.4 40.7 45.8 68.4 42.4 59.3 42.4 42.4 11:55:17.835
50.005 41.5 40.7 45.8 68.4 42.3 59.3 42.3 42.3 11:55:18.005
50.176 41.5 40.7 45.8 68.4 42.3 59.4 42.3 42.3 11:55:18.176
50.347 41.5 40.7 45.8 68.4 42.3 59.4 42.3 42.3 11:55:18.347
50.517 40.8 40.7 45.8 68.4 42.3 59.4 42.3 42.3 11:55:18.517
50.688 40.8 40.7 45.8 68.4 42.3 59.4 42.3 42.3 11:55:18.688
50.859 40.9 40.7 45.8 68.4 42.3 59.4 42.3 42.3 11:55:18.859
51.029 41.0 40.7 45.8 68.4 42.3 59.4 42.3 42.3 11:55:19.029
51.200 41.0 40.7 45.8 68.4 42.3 59.4 42.3 42.3 11:55:19.200
51.371 41.1 40.7 45.8 68.4 42.3 59.4 42.3 42.3 11:55:19.371
51.541 41.2 40.7 45.8 68.4 42.3 59.4 42.3 42.3 11:55:19.541
51.712 41.3 40.7 45.8 68.4 42.3 59.5 42.3 42.3 11:55:19.712
51.883 41.4 40.7 45.8 68.4 42.3 59.5 42.3 42.3 11:55:19.883
52.053 41.3 40.7 45.8 68.4 42.3 59.5 42.3 42.3 11:55:20.053
52.224 41.3 40.7 45.8 68.4 42.3 59.5 42.3 42.3 11:55:20.224
52.395 41.4 40.7 45.8 68.4 42.3 59.5 42.3 42.3 11:55:20.395
52.565 41.0 40.7 45.8 68.4 42.3 59.5 42.3 42.3 11:55:20.565
52.736 40.9 40.7 45.8 68.4 42.3 59.5 42.3 42.3 11:55:20.736
52.907 40.9 40.7 45.8 68.4 42.3 59.5 42.3 42.3 11:55:20.907
53.077 41.0 40.7 45.8 68.4 42.3 59.6 42.3 42.3 11:55:21.077
53.248 41.2 40.7 45.8 68.4 42.3 59.6 42.3 42.3 11:55:21.248
53.419 41.3 40.7 45.8 68.4 42.3 59.6 42.3 42.3 11:55:21.419
53.589 41.4 40.7 45.8 68.4 42.3 59.6 42.3 42.3 11:55:21.589
53.760 41.4 40.7 45.8 68.4 42.3 59.6 42.3 42.3 11:55:21.760
53.931 41.4 40.7 45.8 68.4 42.3 59.6 42.3 42.3 11:55:21.931
54.101 41.2 40.7 45.8 68.4 42.3 59.6 42.3 42.3 11:55:22.101
54.272 41.3 40.7 45.8 68.4 42.3 59.6 42.3 42.3 11:55:22.272
54.443 41.2 40.7 45.8 68.4 42.3 59.6 42.3 42.3 11:55:22.443
54.613 41.0 40.7 45.8 68.4 42.3 59.7 42.3 42.3 11:55:22.613
54.784 40.9 40.7 45.8 68.4 42.3 59.7 42.3 42.3 11:55:22.784
54.955 40.8 40.7 45.8 68.4 42.3 59.7 42.3 42.3 11:55:22.955
55.125 40.9 40.7 45.8 68.4 42.3 59.7 42.3 42.3 11:55:23.125
55.296 41.0 40.7 45.8 68.4 42.3 59.7 42.3 42.3 11:55:23.296
55.467 41.1 40.7 45.8 68.4 42.3 59.7 42.3 42.3 11:55:23.467
55.637 41.2 40.7 45.8 68.4 42.3 59.7 42.3 42.3 11:55:23.637
55.808 41.3 40.7 45.8 68.4 42.3 59.7 42.3 42.3 11:55:23.808
55.979 41.3 40.7 45.8 68.4 42.3 59.7 42.3 42.3 11:55:23.979
56.149 41.3 40.7 45.8 68.4 42.3 59.8 42.3 42.3 11:55:24.149
56.320 41.3 40.7 45.8 68.4 42.3 59.8 42.3 42.3 11:55:24.320
56.491 41.3 40.7 45.8 68.4 42.3 59.8 42.3 42.3 11:55:24.491
56.661 41.3 40.7 45.8 68.4 42.3 59.8 42.3 42.3 11:55:24.661
56.832 41.2 40.7 45.8 68.4 42.3 59.8 42.3 42.3 11:55:24.832
57.003 40.8 40.7 45.8 68.4 42.3 59.8 42.3 42.3 11:55:25.003
57.173 40.9 40.7 45.8 68.4 42.2 59.8 42.2 42.2 11:55:25.173
57.344 41.1 40.7 45.8 68.4 42.2 59.8 42.2 42.2 11:55:25.344
57.515 41.2 40.7 45.8 68.4 42.2 59.8 42.2 42.2 11:55:25.515
57.685 41.3 40.7 45.8 68.4 42.2 59.9 42.2 42.2 11:55:25.685
57.856 41.3 40.7 45.8 68.4 42.2 59.9 42.2 42.2 11:55:25.856
58.027 41.2 40.7 45.8 68.4 42.2 59.9 42.2 42.2 11:55:26.027
58.197 41.1 40.7 45.8 68.4 42.2 59.9 42.2 42.2 11:55:26.197
58.368 40.8 40.7 45.8 68.4 42.2 59.9 42.2 42.2 11:55:26.368
58.539 40.9 40.7 45.8 68.4 42.2 59.9 42.2 42.2 11:55:26.539
58.709 40.9 40.7 45.8 68.4 42.2 59.9 42.2 42.2 11:55:26.709
58.880 41.0 40.7 45.8 68.4 42.2 59.9 42.2 42.2 11:55:26.880
59.051 41.0 40.7 45.8 68.4 42.2 59.9 42.2 42.2 11:55:27.051
59.221 41.2 40.7 45.8 68.4 42.2 59.9 42.2 42.2 11:55:27.221
59.392 41.2 40.7 45.8 68.4 42.2 60.0 42.2 42.2 11:55:27.392
59.563 41.2 40.7 45.8 68.4 42.2 60.0 42.2 42.2 11:55:27.563
59.733 41.2 40.7 45.8 68.4 42.2 60.0 42.2 42.2 11:55:27.733
59.904 41.4 40.7 45.8 68.4 42.2 60.0 42.2 42.2 11:55:27.904
60.075 41.2 40.7 45.8 68.4 42.2 60.0 42.2 42.2 11:55:28.075
60.245 41.0 40.7 45.8 68.4 42.2 60.0 42.2 42.2 11:55:28.245
60.416 40.8 40.7 45.8 68.4 42.2 60.0 42.2 42.2 11:55:28.416
60.587 40.9 40.7 45.8 68.4 42.2 60.0 42.2 42.2 11:55:28.587
60.757 40.9 40.7 45.8 68.4 42.2 60.0 42.2 42.2 11:55:28.757
60.928 41.1 40.7 45.8 68.4 42.2 60.1 42.2 42.2 11:55:28.928
61.099 41.2 40.7 45.8 68.4 42.2 60.1 42.2 42.2 11:55:29.099
61.269 41.2 40.7 45.8 68.4 42.2 60.1 42.2 42.2 11:55:29.269
61.440 41.3 40.7 45.8 68.4 42.2 60.1 42.2 42.2 11:55:29.440
61.611 41.3 40.7 45.8 68.4 42.2 60.1 42.2 42.2 11:55:29.611
61.781 41.2 40.7 45.8 68.4 42.2 60.1 42.2 42.2 11:55:29.781
61.952 41.1 40.7 45.8 68.4 42.2 60.1 42.2 42.2 11:55:29.952
62.123 41.1 40.7 45.8 68.4 42.2 60.1 42.2 42.2 11:55:30.123
62.293 41.0 40.7 45.8 68.4 42.2 60.1 42.2 42.2 11:55:30.293
62.464 41.0 40.7 45.8 68.4 42.2 60.1 42.2 42.2 11:55:30.464
62.635 40.9 40.7 45.8 68.4 42.2 60.2 42.2 42.2 11:55:30.635
62.805 41.0 40.7 45.8 68.4 42.2 60.2 42.2 42.2 11:55:30.805
62.976 41.1 40.7 45.8 68.4 42.2 60.2 42.2 42.2 11:55:30.976
63.147 41.3 40.7 45.8 68.4 42.2 60.2 42.2 42.2 11:55:31.147
63.317 41.4 40.7 45.8 68.4 42.2 60.2 42.2 42.2 11:55:31.317
63.488 41.1 40.7 45.8 68.4 42.2 60.2 42.2 42.2 11:55:31.488
63.659 41.1 40.7 45.8 68.4 42.2 60.2 42.2 42.2 11:55:31.659
63.829 41.1 40.7 45.8 68.4 42.2 60.2 42.2 42.2 11:55:31.829
64.000 41.0 40.7 45.8 68.4 42.2 60.2 42.2 42.2 11:55:32.000
64.171 41.1 40.7 45.8 68.4 42.2 60.2 42.2 42.2 11:55:32.171
64.341 41.2 40.7 45.8 68.4 42.2 60.3 42.2 42.2 11:55:32.341
64.512 41.0 40.7 45.8 68.4 42.2 60.3 42.2 42.2 11:55:32.512
64.683 41.1 40.7 45.8 68.4 42.2 60.3 42.2 42.2 11:55:32.683
64.853 41.1 40.7 45.8 68.4 42.2 60.3 42.2 42.2 11:55:32.853
65.024 41.2 40.7 45.8 68.4 42.2 60.3 42.2 42.2 11:55:33.024
65.195 41.3 40.7 45.8 68.4 42.2 60.3 42.2 42.2 11:55:33.195
65.365 41.4 40.7 45.8 68.4 42.2 60.3 42.2 42.2 11:55:33.365
65.536 41.2 40.7 45.8 68.4 42.2 60.3 42.2 42.2 11:55:33.536
65.707 40.9 40.7 45.8 68.4 42.2 60.3 42.2 42.2 11:55:33.707
65.877 40.8 40.7 45.8 68.4 42.2 60.3 42.2 42.2 11:55:33.877
66.048 40.8 40.7 45.8 68.4 42.2 60.3 42.2 42.2 11:55:34.048
66.219 40.9 40.7 45.8 68.4 42.1 60.4 42.2 42.1 11:55:34.219
66.389 41.0 40.7 45.8 68.4 42.1 60.4 42.1 42.1 11:55:34.389
66.560 41.2 40.7 45.8 68.4 42.1 60.4 42.0 42.1 11:55:34.560
66.731 41.3 40.7 45.8 68.4 42.1 60.4 42.0 42.1 11:55:34.731
66.901 41.1 40.7 45.8 68.4 42.1 60.4 42.0 42.1 11:55:34.901
67.072 41.2 40.7 45.8 68.4 42.1 60.4 41.9 42.1 11:55:35.072
67.243 41.2 40.7 45.8 68.4 42.1 60.4 41.9 42.1 11:55:35.243
67.413 41.4 40.7 45.8 68.4 42.1 60.4 41.9 42.1 11:55:35.413
67.584 41.4 40.7 45.8 68.4 42.1 60.4 41.9 42.1 11:55:35.584
67.755 41.4 40.7 45.8 68.4 42.1 60.4 41.9 42.1 11:55:35.755
67.925 41.0 40.7 45.8 68.4 42.1 60.5 41.9 42.1 11:55:35.925
68.096 41.0 40.7 45.8 68.4 42.1 60.5 41.9 42.1 11:55:36.096
68.267 40.9 40.7 45.8 68.4 42.1 60.5 41.8 42.1 11:55:36.267
68.437 41.1 40.7 45.8 68.4 42.1 60.5 41.8 42.1 11:55:36.437
68.608 41.1 40.7 45.8 68.4 42.1 60.5 41.8 42.1 11:55:36.608
68.779 41.2 40.7 45.8 68.4 42.1 60.5 41.8 42.1 11:55:36.779
68.949 41.3 40.7 45.8 68.4 42.1 60.5 41.8 42.1 11:55:36.949
69.120 41.4 40.7 45.8 68.4 42.1 60.5 41.8 42.1 11:55:37.120
69.291 41.4 40.7 45.8 68.4 42.1 60.5 41.8 42.1 11:55:37.291
69.461 41.2 40.7 45.8 68.4 42.1 60.5 41.8 42.1 11:55:37.461
69.632 41.0 40.7 45.8 68.4 42.1 60.6 41.7 42.1 11:55:37.632
69.803 41.0 40.7 45.8 68.4 42.1 60.6 41.7 42.1 11:55:37.803
69.973 41.1 40.7 45.8 68.4 42.1 60.6 41.7 42.1 11:55:37.973
70.144 41.1 40.7 45.8 68.4 42.1 60.6 41.7 42.1 11:55:38.144
70.315 41.2 40.7 45.8 68.4 42.1 60.6 41.7 42.1 11:55:38.315
70.485 41.2 40.7 45.8 68.4 42.1 60.6 41.7 42.1 11:55:38.485
70.656 41.3 40.7 45.8 68.4 42.1 60.6 41.7 42.1 11:55:38.656
70.827 41.4 40.7 45.8 68.4 42.1 60.6 41.6 42.1 11:55:38.827
70.997 41.5 40.7 45.8 68.4 42.1 60.6 41.6 42.1 11:55:38.997
71.168 41.3 40.7 45.8 68.4 42.1 60.6 41.6 42.1 11:55:39.168
71.339 41.3 40.7 45.8 68.4 42.1 60.6 41.6 42.1 11:55:39.339
71.509 41.2 40.7 45.8 68.4 42.1 60.7 41.6 42.1 11:55:39.509
71.680 41.0 40.7 45.8 68.4 42.1 60.7 41.6 42.1 11:55:39.680
71.851 41.1 40.7 45.8 68.4 42.1 60.7 41.6 42.1 11:55:39.851
72.021 41.2 40.7 45.8 68.4 42.1 60.7 41.6 42.1 11:55:40.021
72.192 41.2 40.7 45.8 68.4 42.1 60.7 41.6 42.1 11:55:40.192
72.363 41.2 40.7 45.8 68.4 42.1 60.7 41.6 42.1 11:55:40.363
72.533 41.3 40.7 45.8 68.4 42.1 60.7 41.6 42.1 11:55:40.533
72.704 41.3 40.7 45.8 68.4 42.1 60.7 41.6 42.1 11:55:40.704
72.875 41.4 40.7 45.8 68.4 42.1 60.7 41.6 42.1 11:55:40.875
73.045 41.5 40.7 45.8 68.4 42.1 60.7 41.6 42.1 11:55:41.045
73.216 41.2 40.7 45.8 68.4 42.1 60.7 41.6 42.1 11:55:41.216
73.387 41.2 40.7 45.8 68.4 42.1 60.8 41.6 42.1 11:55:41.387
73.557 41.2 40.7 45.8 68.4 42.1 60.8 41.6 42.1 11:55:41.557
73.728 41.1 40.7 45.8 68.4 42.1 60.8 41.6 42.1 11:55:41.728
73.899 41.0 40.7 45.8 68.4 42.1 60.8 41.6 42.1 11:55:41.899
74.069 41.2 40.7 45.8 68.4 42.1 60.8 41.6 42.1 11:55:42.069
74.240 41.3 40.7 45.8 68.4 42.1 60.8 41.6 42.1 11:55:42.240
74.411 41.4 40.7 45.8 68.4 42.1 60.8 41.6 42.1 11:55:42.411
74.581 41.2 40.7 45.8 68.4 42.1 60.8 41.6 42.1 11:55:42.581
74.752 41.0 40.7 45.8 68.4 42.1 60.8 41.6 42.1 11:55:42.752
74.923 41.1 40.7 45.8 68.4 42.1 60.8 41.6 42.1 11:55:42.923
75.093 41.1 40.7 45.8 68.4 42.1 60.8 41.6 42.1 11:55:43.093
75.264 41.2 40.7 45.8 68.4 42.1 60.9 41.6 42.1 11:55:43.264
75.435 41.2 40.7 45.8 68.4 42.1 60.9 41.6 42.1 11:55:43.435
75.605 40.9 40.7 45.8 68.4 42.1 60.9 41.6 42.1 11:55:43.605
75.776 41.0 40.7 45.8 68.4 42.1 60.9 41.6 42.1 11:55:43.776
75.947 41.1 40.7 45.8 68.4 42.1 60.9 41.6 42.1 11:55:43.947
76.117 41.2 40.7 45.8 68.4 42.1 60.9 41.6 42.1 11:55:44.117
76.288 41.3 40.7 45.8 68.4 42.1 60.9 41.6 42.1 11:55:44.288
76.459 41.4 40.7 45.8 68.4 42.1 60.9 41.6 42.1 11:55:44.459
76.629 41.4 40.7 45.8 68.4 42.1 60.9 41.6 42.1 11:55:44.629
76.800 41.0 40.7 45.8 68.4 42.1 60.9 41.6 42.1 11:55:44.800
76.971 41.1 40.7 45.8 68.4 42.1 60.9 41.6 42.1 11:55:44.971
77.141 41.0 40.7 45.8 68.4 42.1 60.9 41.6 42.1 11:55:45.141
77.312 41.1 40.7 45.8 68.4 42.1 61.0 41.6 42.1 11:55:45.312
77.483 41.0 40.7 45.8 68.4 42.1 61.0 41.6 42.1 11:55:45.483
77.653 41.0 40.7 45.8 68.4 42.1 61.0 41.6 42.1 11:55:45.653
77.824 41.1 40.7 45.8 68.4 42.1 61.0 41.6 42.1 11:55:45.824
77.995 41.2 40.7 45.8 68.4 42.1 61.0 41.6 42.1 11:55:45.995
78.165 41.3 40.7 45.8 68.4 42.1 61.0 41.6 42.1 11:55:46.165
78.336 41.4 40.7 45.8 68.4 42.1 61.0 41.6 42.1 11:55:46.336
78.507 41.4 40.7 45.8 68.4 42.1 61.0 41.6 42.1 11:55:46.507
78.677 41.2 40.7 45.8 68.4 42.1 61.0 41.6 42.1 11:55:46.677
78.848 41.2 40.7 45.8 68.4 42.1 61.0 41.6 42.1 11:55:46.848
79.019 41.1 40.7 45.8 68.4 42.1 61.0 41.6 42.1 11:55:47.019
79.189 41.1 40.7 45.8 68.4 42.1 61.0 41.5 42.1 11:55:47.189
79.360 40.9 40.7 45.8 68.4 42.1 61.1 41.5 42.1 11:55:47.360
79.531 41.1 40.7 45.8 68.4 42.1 61.1 41.5 42.1 11:55:47.531
79.701 41.1 40.7 45.8 68.4 42.1 61.1 41.5 42.1 11:55:47.701
79.872 41.3 40.7 45.8 68.4 42.1 61.1 41.6 42.1 11:55:47.872
80.043 41.1 40.7 45.8 68.4 42.1 61.1 41.6 42.1 11:55:48.043
80.213 41.2 40.7 45.8 68.4 42.1 61.1 41.6 42.1 11:55:48.213
80.384 41.3 40.7 45.8 68.4 42.1 61.1 41.5 42.1 11:55:48.384
80.555 41.3 40.7 45.8 68.4 42.0 61.1 41.5 42.0 11:55:48.555
80.725 41.4 40.7 45.8 68.4 42.0 61.1 41.5 42.0 11:55:48.725
80.896 41.2 40.7 45.8 68.4 42.0 61.1 41.5 42.0 11:55:48.896
81.067 41.0 40.7 45.8 68.4 42.0 61.1 41.5 42.0 11:55:49.067
81.237 41.0 40.7 45.8 68.4 42.0 61.1 41.5 42.0 11:55:49.237
81.408 41.2 40.7 45.8 68.4 42.0 61.2 41.6 42.0 11:55:49.408
81.579 41.3 40.7 45.8 68.4 42.0 61.2 41.6 42.0 11:55:49.579
81.749 41.4 40.7 45.8 68.4 42.0 61.2 41.6 42.0 11:55:49.749
81.920 41.5 40.7 45.8 68.4 42.0 61.2 41.6 42.0 11:55:49.920
82.091 41.3 40.7 45.8 68.4 42.0 61.2 41.6 42.0 11:55:50.091
82.261 41.1 40.7 45.8 68.4 42.0 61.2 41.6 42.0 11:55:50.261
82.432 41.0 40.7 45.8 68.4 42.0 61.2 41.6 42.0 11:55:50.432
82.603 41.1 40.7 45.8 68.4 42.0 61.2 41.6 42.0 11:55:50.603
82.773 41.2 40.7 45.8 68.4 42.0 61.2 41.5 42.0 11:55:50.773
82.944 41.2 40.7 45.8 68.4 42.0 61.2 41.5 42.0 11:55:50.944
83.115 40.8 40.7 45.8 68.4 42.0 61.2 41.5 42.0 11:55:51.115
83.285 40.9 40.7 45.8 68.4 42.0 61.2 41.5 42.0 11:55:51.285
83.456 41.0 40.7 45.8 68.4 42.0 61.2 41.5 42.0 11:55:51.456
83.627 41.1 40.7 45.8 68.4 42.0 61.3 41.5 42.0 11:55:51.627
83.797 41.2 40.7 45.8 68.4 42.0 61.3 41.5 42.0 11:55:51.797
83.968 41.3 40.7 45.8 68.4 42.0 61.3 41.5 42.0 11:55:51.968
84.139 41.2 40.7 45.8 68.4 42.0 61.3 41.5 42.0 11:55:52.139
84.309 41.1 40.7 45.8 68.4 42.0 61.3 41.5 42.0 11:55:52.309
84.480 41.0 40.7 45.8 68.4 42.0 61.3 41.5 42.0 11:55:52.480
84.651 41.1 40.7 45.8 68.4 42.0 61.3 41.5 42.0 11:55:52.651
84.821 41.1 40.7 45.8 68.4 42.0 61.3 41.5 42.0 11:55:52.821
84.992 41.2 40.7 45.8 68.4 42.0 61.3 41.5 42.0 11:55:52.992
85.163 41.3 40.7 45.8 68.4 42.0 61.3 41.5 42.0 11:55:53.163
85.333 41.3 40.7 45.8 68.4 42.0 61.3 41.5 42.0 11:55:53.333
85.504 41.2 40.7 45.8 68.4 42.0 61.3 41.5 42.0 11:55:53.504
85.675 41.4 40.7 45.8 68.4 42.0 61.3 41.5 42.0 11:55:53.675
85.845 41.5 40.7 45.8 68.4 42.0 61.4 41.5 42.0 11:55:53.845
86.016 41.4 40.7 45.8 68.4 42.0 61.4 41.5 42.0 11:55:54.016
86.187 41.2 40.7 45.8 68.4 42.0 61.4 41.5 42.0 11:55:54.187
86.357 41.0 40.7 45.8 68.4 42.0 61.4 41.5 42.0 11:55:54.357
86.528 40.8 40.7 45.8 68.4 42.0 61.4 41.5 42.0 11:55:54.528
86.699 41.0 40.7 45.8 68.4 42.0 61.4 41.5 42.0 11:55:54.699
86.869 41.0 40.7 45.8 68.4 42.0 61.4 41.5 42.0 11:55:54.869
87.040 41.2 40.7 45.8 68.4 42.0 61.4 41.5 42.0 11:55:55.040
87.211 41.3 40.7 45.8 68.4 42.0 61.4 41.5 42.0 11:55:55.211
87.381 41.1 40.7 45.8 68.4 42.0 61.4 41.5 42.0 11:55:55.381
87.552 41.2 40.7 45.8 68.4 42.0 61.4 41.5 42.0 11:55:55.552
87.723 41.3 40.7 45.8 68.4 42.0 61.4 41.5 42.0 11:55:55.723
87.893 41.4 40.7 45.8 68.4 42.0 61.5 41.5 42.0 11:55:55.893
88.064 41.4 40.7 45.8 68.4 42.0 61.5 41.5 42.0 11:55:56.064
88.235 41.3 40.7 45.8 68.4 42.0 61.5 41.5 42.0 11:55:56.235
88.405 41.4 40.7 45.8 68.4 42.0 61.5 41.5 42.0 11:55:56.405
88.576 41.3 40.7 45.8 68.4 42.0 61.5 41.5 42.0 11:55:56.576
88.747 41.3 40.7 45.8 68.4 42.0 61.5 41.5 42.0 11:55:56.747
88.917 41.5 40.7 45.8 68.4 42.0 61.5 41.5 42.0 11:55:56.917
89.088 41.2 40.7 45.8 68.4 42.0 61.5 41.5 42.0 11:55:57.088
89.259 41.3 40.7 45.8 68.4 42.0 61.5 41.5 42.0 11:55:57.259
89.429 41.2 40.7 45.8 68.4 42.0 61.5 41.5 42.0 11:55:57.429
89.600 41.3 40.7 45.8 68.4 42.0 61.5 41.5 42.0 11:55:57.600
89.771 41.2 40.7 45.8 68.4 42.0 61.5 41.5 42.0 11:55:57.771
89.941 41.2 40.7 45.8 68.4 42.0 61.5 41.5 42.0 11:55:57.941
90.112 41.1 40.7 45.8 68.4 42.0 61.6 41.5 42.0 11:55:58.112
90.283 40.9 40.7 45.8 68.4 42.0 61.6 41.5 42.0 11:55:58.283
90.453 41.0 40.7 45.8 68.4 42.0 61.6 41.5 42.0 11:55:58.453
90.624 41.1 40.7 45.8 68.4 42.0 61.6 41.5 42.0 11:55:58.624
90.795 41.2 40.7 45.8 68.4 42.0 61.6 41.5 42.0 11:55:58.795
90.965 41.3 40.7 45.8 68.4 42.0 61.6 41.5 42.0 11:55:58.965
91.136 41.5 40.7 45.8 68.4 42.0 61.6 41.5 42.0 11:55:59.136
91.307 41.6 40.7 45.8 68.4 42.0 61.6 41.5 42.0 11:55:59.307
91.477 41.6 40.7 45.8 68.4 42.0 61.6 41.5 42.0 11:55:59.477
91.648 41.4 40.7 45.8 68.4 42.0 61.6 41.5 42.0 11:55:59.648
91.819 41.2 40.7 45.8 68.4 42.0 61.6 41.5 42.0 11:55:59.819

