SPL log data saved by REW V5.20.4
Soundcard cal: 
Mic/meter cal: 
SPL cal offset: 124.09477157592772 dB
High Pass Filter: Off
Date: Mar 4, 2022 11:38:24 AM
Start: 1646393904018
Log length: 507 entries over 86.5s
Log interval: 0.17066666666666666 seconds

Time[s] LCS LCSMin LCSMax LZpeak LCeq LCE LCeq1m LCeq10m
0.171 37.9 37.9 38.1 68.9 38.3 30.6 38.3 38.3 11:38:24.171
0.341 37.8 37.8 38.1 68.9 38.2 33.6 38.2 38.2 11:38:24.341
0.512 37.7 37.6 38.1 68.9 38.3 35.4 38.3 38.3 11:38:24.512
0.683 37.5 37.5 38.1 68.9 38.2 36.5 38.2 38.2 11:38:24.683
0.853 37.7 37.5 38.1 70.8 38.3 37.6 38.3 38.3 11:38:24.853
1.024 37.5 37.4 38.1 70.8 38.1 38.2 38.1 38.1 11:38:25.024
1.195 37.5 37.4 38.1 70.8 38.1 38.9 38.1 38.1 11:38:25.195
1.365 37.4 37.3 38.1 70.8 38.1 39.5 38.1 38.1 11:38:25.365
1.536 37.0 37.0 38.1 70.8 38.0 39.9 38.0 38.0 11:38:25.536
1.707 36.6 36.6 38.1 70.8 37.9 40.2 37.9 37.9 11:38:25.707
1.877 36.6 36.6 38.1 70.8 37.8 40.5 37.8 37.8 11:38:25.877
2.048 36.6 36.6 38.1 70.8 37.7 40.8 37.7 37.7 11:38:26.048
2.219 36.4 36.3 38.1 70.8 37.6 41.1 37.6 37.6 11:38:26.219
2.389 36.2 36.2 38.1 70.8 37.6 41.3 37.6 37.6 11:38:26.389
2.560 36.0 36.0 38.1 70.8 37.5 41.6 37.5 37.5 11:38:26.560
2.731 36.3 36.0 38.1 70.8 37.5 41.9 37.5 37.5 11:38:26.731
2.901 36.2 36.0 38.1 70.8 37.5 42.1 37.5 37.5 11:38:26.901
3.072 36.2 36.0 38.1 70.8 37.5 42.3 37.5 37.5 11:38:27.072
3.243 36.7 36.0 38.1 70.8 37.5 42.6 37.5 37.5 11:38:27.243
3.413 36.9 36.0 38.1 70.8 37.6 42.9 37.6 37.6 11:38:27.413
3.584 37.0 36.0 38.1 70.8 37.6 43.1 37.6 37.6 11:38:27.584
3.755 37.1 36.0 38.1 70.8 37.6 43.3 37.6 37.6 11:38:27.755
3.925 37.0 36.0 38.1 70.8 37.6 43.5 37.6 37.6 11:38:27.925
4.096 36.6 36.0 38.1 70.8 37.6 43.7 37.6 37.6 11:38:28.096
4.267 36.8 36.0 38.1 70.8 37.6 43.9 37.6 37.6 11:38:28.267
4.437 36.6 36.0 38.1 70.8 37.5 44.0 37.5 37.5 11:38:28.437
4.608 36.6 36.0 38.1 70.8 37.5 44.1 37.5 37.5 11:38:28.608
4.779 36.2 36.0 38.1 70.8 37.5 44.3 37.5 37.5 11:38:28.779
4.949 36.3 36.0 38.1 70.8 37.5 44.4 37.5 37.5 11:38:28.949
5.120 36.1 36.0 38.1 70.8 37.4 44.5 37.4 37.4 11:38:29.120
5.291 36.4 36.0 38.1 70.8 37.4 44.7 37.4 37.4 11:38:29.291
5.461 36.5 36.0 38.1 70.8 37.5 44.8 37.5 37.5 11:38:29.461
5.632 36.3 36.0 38.1 70.8 37.4 45.0 37.4 37.4 11:38:29.632
5.803 36.7 36.0 38.1 70.8 37.5 45.1 37.5 37.5 11:38:29.803
5.973 36.8 36.0 38.1 70.8 37.5 45.3 37.5 37.5 11:38:29.973
6.144 36.7 36.0 38.1 70.8 37.5 45.4 37.5 37.5 11:38:30.144
6.315 36.5 36.0 38.1 70.8 37.5 45.5 37.5 37.5 11:38:30.315
6.485 36.4 36.0 38.1 70.8 37.5 45.6 37.5 37.5 11:38:30.485
6.656 36.2 36.0 38.1 70.8 37.4 45.7 37.4 37.4 11:38:30.656
6.827 36.4 36.0 38.1 70.8 37.4 45.8 37.4 37.4 11:38:30.827
6.997 36.5 36.0 38.1 70.8 37.4 45.9 37.4 37.4 11:38:30.997
7.168 36.5 36.0 38.1 70.8 37.4 46.0 37.4 37.4 11:38:31.168
7.339 36.6 36.0 38.1 70.8 37.4 46.1 37.4 37.4 11:38:31.339
7.509 36.8 36.0 38.1 70.8 37.4 46.2 37.4 37.4 11:38:31.509
7.680 36.8 36.0 38.1 70.8 37.4 46.3 37.4 37.4 11:38:31.680
7.851 36.9 36.0 38.1 70.8 37.4 46.4 37.4 37.4 11:38:31.851
8.021 36.8 36.0 38.1 70.8 37.4 46.5 37.4 37.4 11:38:32.021
8.192 36.6 36.0 38.1 70.8 37.4 46.6 37.4 37.4 11:38:32.192
8.363 36.8 36.0 38.1 70.8 37.4 46.7 37.4 37.4 11:38:32.363
8.533 36.9 36.0 38.1 70.8 37.4 46.7 37.4 37.4 11:38:32.533
8.704 36.8 36.0 38.1 70.8 37.4 46.8 37.4 37.4 11:38:32.704
8.875 36.3 36.0 38.1 70.8 37.4 46.9 37.4 37.4 11:38:32.875
9.045 36.1 36.0 38.1 70.8 37.4 47.0 37.4 37.4 11:38:33.045
9.216 36.4 36.0 38.1 70.8 37.4 47.0 37.4 37.4 11:38:33.216
9.387 36.4 36.0 38.1 70.8 37.4 47.1 37.4 37.4 11:38:33.387
9.557 36.5 36.0 38.1 70.8 37.4 47.2 37.4 37.4 11:38:33.557
9.728 36.6 36.0 38.1 70.8 37.4 47.3 37.4 37.4 11:38:33.728
9.899 36.7 36.0 38.1 70.8 37.4 47.3 37.4 37.4 11:38:33.899
10.069 36.1 36.0 38.1 70.8 37.4 47.4 37.4 37.4 11:38:34.069
10.240 36.4 36.0 38.1 70.8 37.4 47.5 37.4 37.4 11:38:34.240
10.411 36.6 36.0 38.1 70.8 37.4 47.6 37.4 37.4 11:38:34.411
10.581 36.4 36.0 38.1 70.8 37.4 47.6 37.4 37.4 11:38:34.581
10.752 36.2 36.0 38.1 70.8 37.4 47.7 37.4 37.4 11:38:34.752
10.923 36.1 36.0 38.1 70.8 37.4 47.7 37.4 37.4 11:38:34.923
11.093 36.0 36.0 38.1 70.8 37.4 47.8 37.4 37.4 11:38:35.093
11.264 36.2 36.0 38.1 70.8 37.3 47.9 37.3 37.3 11:38:35.264
11.435 36.3 36.0 38.1 70.8 37.3 47.9 37.3 37.3 11:38:35.435
11.605 36.4 36.0 38.1 70.8 37.3 48.0 37.3 37.3 11:38:35.605
11.776 35.9 35.9 38.1 70.8 37.3 48.0 37.3 37.3 11:38:35.776
11.947 36.2 35.9 38.1 70.8 37.3 48.1 37.3 37.3 11:38:35.947
12.117 35.9 35.9 38.1 70.8 37.3 48.1 37.3 37.3 11:38:36.117
12.288 36.3 35.9 38.1 70.8 37.3 48.2 37.3 37.3 11:38:36.288
12.459 36.5 35.9 38.1 70.8 37.3 48.3 37.3 37.3 11:38:36.459
12.629 35.9 35.9 38.1 70.8 37.3 48.3 37.3 37.3 11:38:36.629
12.800 35.6 35.5 38.1 70.8 37.3 48.4 37.3 37.3 11:38:36.800
12.971 35.7 35.5 38.1 70.8 37.3 48.4 37.3 37.3 11:38:36.971
13.141 36.0 35.5 38.1 70.8 37.3 48.5 37.3 37.3 11:38:37.141
13.312 35.9 35.5 38.1 70.8 37.3 48.5 37.3 37.3 11:38:37.312
13.483 36.3 35.5 38.1 70.8 37.3 48.6 37.3 37.3 11:38:37.483
13.653 36.3 35.5 38.1 70.8 37.3 48.6 37.3 37.3 11:38:37.653
13.824 36.6 35.5 38.1 70.8 37.3 48.7 37.3 37.3 11:38:37.824
13.995 36.1 35.5 38.1 70.8 37.3 48.7 37.3 37.3 11:38:37.995
14.165 35.8 35.5 38.1 70.8 37.3 48.8 37.3 37.3 11:38:38.165
14.336 36.1 35.5 38.1 70.8 37.3 48.8 37.3 37.3 11:38:38.336
14.507 36.5 35.5 38.1 70.8 37.3 48.9 37.3 37.3 11:38:38.507
14.677 36.3 35.5 38.1 70.8 37.3 48.9 37.3 37.3 11:38:38.677
14.848 36.6 35.5 38.1 70.8 37.3 49.0 37.3 37.3 11:38:38.848
15.019 36.1 35.5 38.1 70.8 37.3 49.0 37.3 37.3 11:38:39.019
15.189 36.4 35.5 38.1 70.8 37.3 49.1 37.3 37.3 11:38:39.189
15.360 36.5 35.5 38.1 70.8 37.3 49.2 37.3 37.3 11:38:39.360
15.531 36.8 35.5 38.1 70.8 37.3 49.2 37.3 37.3 11:38:39.531
15.701 37.0 35.5 38.1 70.8 37.3 49.3 37.3 37.3 11:38:39.701
15.872 37.1 35.5 38.1 70.8 37.3 49.3 37.3 37.3 11:38:39.872
16.043 37.4 35.5 38.1 70.8 37.3 49.4 37.3 37.3 11:38:40.043
16.213 37.0 35.5 38.1 70.8 37.3 49.4 37.3 37.3 11:38:40.213
16.384 37.1 35.5 38.1 70.8 37.3 49.5 37.3 37.3 11:38:40.384
16.555 36.9 35.5 38.1 70.8 37.3 49.5 37.3 37.3 11:38:40.555
16.725 36.7 35.5 38.1 70.8 37.3 49.6 37.3 37.3 11:38:40.725
16.896 36.8 35.5 38.1 70.8 37.3 49.6 37.3 37.3 11:38:40.896
17.067 36.9 35.5 38.1 70.8 37.3 49.7 37.3 37.3 11:38:41.067
17.237 36.4 35.5 38.1 70.8 37.3 49.7 37.3 37.3 11:38:41.237
17.408 36.2 35.5 38.1 70.8 37.3 49.7 37.3 37.3 11:38:41.408
17.579 36.1 35.5 38.1 70.8 37.3 49.8 37.3 37.3 11:38:41.579
17.749 36.2 35.5 38.1 70.8 37.3 49.8 37.3 37.3 11:38:41.749
17.920 35.7 35.5 38.1 70.8 37.3 49.8 37.3 37.3 11:38:41.920
18.091 35.9 35.5 38.1 70.8 37.3 49.9 37.3 37.3 11:38:42.091
18.261 35.6 35.5 38.1 70.8 37.3 49.9 37.3 37.3 11:38:42.261
18.432 35.8 35.5 38.1 70.8 37.3 49.9 37.3 37.3 11:38:42.432
18.603 36.0 35.5 38.1 70.8 37.3 50.0 37.3 37.3 11:38:42.603
18.773 36.2 35.5 38.1 70.8 37.3 50.0 37.3 37.3 11:38:42.773
18.944 36.1 35.5 38.1 70.8 37.3 50.0 37.3 37.3 11:38:42.944
19.115 36.3 35.5 38.1 70.8 37.3 50.1 37.3 37.3 11:38:43.115
19.285 36.0 35.5 38.1 70.8 37.3 50.1 37.3 37.3 11:38:43.285
19.456 36.1 35.5 38.1 70.8 37.3 50.2 37.3 37.3 11:38:43.456
19.627 36.3 35.5 38.1 70.8 37.3 50.2 37.3 37.3 11:38:43.627
19.797 36.4 35.5 38.1 70.8 37.3 50.2 37.3 37.3 11:38:43.797
19.968 35.9 35.5 38.1 70.8 37.2 50.3 37.2 37.2 11:38:43.968
20.139 36.1 35.5 38.1 70.8 37.2 50.3 37.2 37.2 11:38:44.139
20.309 36.1 35.5 38.1 70.8 37.2 50.3 37.2 37.2 11:38:44.309
20.480 36.3 35.5 38.1 70.8 37.2 50.4 37.2 37.2 11:38:44.480
20.651 36.3 35.5 38.1 70.8 37.2 50.4 37.2 37.2 11:38:44.651
20.821 36.4 35.5 38.1 70.8 37.2 50.4 37.2 37.2 11:38:44.821
20.992 36.0 35.5 38.1 70.8 37.2 50.4 37.2 37.2 11:38:44.992
21.163 35.6 35.5 38.1 70.8 37.2 50.5 37.2 37.2 11:38:45.163
21.333 35.9 35.5 38.1 70.8 37.2 50.5 37.2 37.2 11:38:45.333
21.504 35.7 35.5 38.1 70.8 37.2 50.5 37.2 37.2 11:38:45.504
21.675 35.8 35.5 38.1 70.8 37.2 50.6 37.2 37.2 11:38:45.675
21.845 35.7 35.5 38.1 70.8 37.2 50.6 37.2 37.2 11:38:45.845
22.016 36.1 35.5 38.1 70.8 37.2 50.6 37.2 37.2 11:38:46.016
22.187 35.9 35.5 38.1 70.8 37.2 50.7 37.2 37.2 11:38:46.187
22.357 35.8 35.5 38.1 70.8 37.2 50.7 37.2 37.2 11:38:46.357
22.528 36.0 35.5 38.1 70.8 37.2 50.7 37.2 37.2 11:38:46.528
22.699 36.1 35.5 38.1 70.8 37.2 50.7 37.2 37.2 11:38:46.699
22.869 36.2 35.5 38.1 70.8 37.2 50.8 37.2 37.2 11:38:46.869
23.040 36.6 35.5 38.1 70.8 37.2 50.8 37.2 37.2 11:38:47.040
23.211 36.5 35.5 38.1 70.8 37.2 50.9 37.2 37.2 11:38:47.211
23.381 36.7 35.5 38.1 70.8 37.2 50.9 37.2 37.2 11:38:47.381
23.552 37.2 35.5 38.1 70.8 37.2 50.9 37.2 37.2 11:38:47.552
23.723 37.2 35.5 38.1 70.8 37.2 51.0 37.2 37.2 11:38:47.723
23.893 37.2 35.5 38.1 70.8 37.2 51.0 37.2 37.2 11:38:47.893
24.064 37.2 35.5 38.1 70.8 37.2 51.1 37.2 37.2 11:38:48.064
24.235 37.1 35.5 38.1 70.8 37.2 51.1 37.2 37.2 11:38:48.235
24.405 36.9 35.5 38.1 70.8 37.2 51.1 37.2 37.2 11:38:48.405
24.576 37.0 35.5 38.1 70.8 37.2 51.2 37.2 37.2 11:38:48.576
24.747 36.8 35.5 38.1 70.8 37.2 51.2 37.2 37.2 11:38:48.747
24.917 36.9 35.5 38.1 70.8 37.2 51.2 37.2 37.2 11:38:48.917
25.088 37.0 35.5 38.1 70.8 37.2 51.2 37.2 37.2 11:38:49.088
25.259 37.3 35.5 38.1 70.8 37.3 51.3 37.3 37.3 11:38:49.259
25.429 37.9 35.5 38.1 70.8 37.3 51.3 37.3 37.3 11:38:49.429
25.600 38.3 35.5 38.3 70.8 37.3 51.4 37.3 37.3 11:38:49.600
25.771 38.8 35.5 38.8 70.8 37.4 51.5 37.4 37.4 11:38:49.771
25.941 39.2 35.5 39.2 70.8 37.4 51.5 37.4 37.4 11:38:49.941
26.112 39.5 35.5 39.5 70.8 37.4 51.6 37.4 37.4 11:38:50.112
26.283 39.5 35.5 39.5 70.8 37.5 51.7 37.5 37.5 11:38:50.283
26.453 39.2 35.5 39.5 70.8 37.5 51.7 37.5 37.5 11:38:50.453
26.624 38.8 35.5 39.5 70.8 37.5 51.7 37.5 37.5 11:38:50.624
26.795 39.0 35.5 39.5 70.8 37.5 51.8 37.5 37.5 11:38:50.795
26.965 39.2 35.5 39.5 70.8 37.5 51.8 37.5 37.5 11:38:50.965
27.136 39.2 35.5 39.5 70.8 37.5 51.9 37.5 37.5 11:38:51.136
27.307 38.7 35.5 39.5 70.8 37.5 51.9 37.5 37.5 11:38:51.307
27.477 38.2 35.5 39.5 70.8 37.5 51.9 37.5 37.5 11:38:51.477
27.648 38.1 35.5 39.5 70.8 37.6 52.0 37.6 37.6 11:38:51.648
27.819 37.9 35.5 39.5 70.8 37.6 52.0 37.6 37.6 11:38:51.819
27.989 37.7 35.5 39.5 70.8 37.6 52.0 37.6 37.6 11:38:51.989
28.160 37.9 35.5 39.5 70.8 37.6 52.1 37.6 37.6 11:38:52.160
28.331 37.8 35.5 39.5 70.8 37.6 52.1 37.6 37.6 11:38:52.331
28.501 38.0 35.5 39.5 70.8 37.6 52.1 37.6 37.6 11:38:52.501
28.672 38.2 35.5 39.5 70.8 37.6 52.2 37.6 37.6 11:38:52.672
28.843 37.7 35.5 39.5 70.8 37.6 52.2 37.6 37.6 11:38:52.843
29.013 38.5 35.5 39.5 70.8 37.6 52.3 37.6 37.6 11:38:53.013
29.184 38.9 35.5 39.5 70.8 37.7 52.3 37.7 37.7 11:38:53.184
29.355 39.4 35.5 39.5 70.8 37.7 52.4 37.7 37.7 11:38:53.355
29.525 39.9 35.5 39.9 70.8 37.7 52.4 37.7 37.7 11:38:53.525
29.696 39.9 35.5 39.9 70.8 37.8 52.5 37.8 37.8 11:38:53.696
29.867 39.2 35.5 39.9 70.8 37.8 52.5 37.8 37.8 11:38:53.867
30.037 39.3 35.5 39.9 70.8 37.8 52.6 37.8 37.8 11:38:54.037
30.208 39.2 35.5 39.9 70.8 37.8 52.6 37.8 37.8 11:38:54.208
30.379 38.8 35.5 39.9 70.8 37.8 52.6 37.8 37.8 11:38:54.379
30.549 38.5 35.5 39.9 70.8 37.8 52.7 37.8 37.8 11:38:54.549
30.720 39.0 35.5 39.9 70.8 37.8 52.7 37.8 37.8 11:38:54.720
30.891 39.2 35.5 39.9 70.8 37.9 52.8 37.9 37.9 11:38:54.891
31.061 39.1 35.5 39.9 70.8 37.9 52.8 37.9 37.9 11:38:55.061
31.232 38.9 35.5 39.9 70.8 37.9 52.8 37.9 37.9 11:38:55.232
31.403 38.8 35.5 39.9 70.8 37.9 52.9 37.9 37.9 11:38:55.403
31.573 38.3 35.5 39.9 70.8 37.9 52.9 37.9 37.9 11:38:55.573
31.744 37.9 35.5 39.9 70.8 37.9 52.9 37.9 37.9 11:38:55.744
31.915 37.7 35.5 39.9 70.8 37.9 52.9 37.9 37.9 11:38:55.915
32.085 37.3 35.5 39.9 70.8 37.9 53.0 37.9 37.9 11:38:56.085
32.256 36.8 35.5 39.9 70.8 37.9 53.0 37.9 37.9 11:38:56.256
32.427 36.9 35.5 39.9 70.8 37.9 53.0 37.9 37.9 11:38:56.427
32.597 36.5 35.5 39.9 70.8 37.9 53.0 37.9 37.9 11:38:56.597
32.768 36.7 35.5 39.9 70.8 37.9 53.0 37.9 37.9 11:38:56.768
32.939 36.9 35.5 39.9 70.8 37.9 53.1 37.9 37.9 11:38:56.939
33.109 37.3 35.5 39.9 70.8 37.9 53.1 37.9 37.9 11:38:57.109
33.280 37.2 35.5 39.9 70.8 37.9 53.1 37.9 37.9 11:38:57.280
33.451 37.1 35.5 39.9 70.8 37.9 53.1 37.9 37.9 11:38:57.451
33.621 36.6 35.5 39.9 70.8 37.9 53.1 37.9 37.9 11:38:57.621
33.792 36.6 35.5 39.9 70.8 37.9 53.2 37.9 37.9 11:38:57.792
33.963 36.7 35.5 39.9 70.8 37.9 53.2 37.9 37.9 11:38:57.963
34.133 36.3 35.5 39.9 70.8 37.9 53.2 37.9 37.9 11:38:58.133
34.304 36.0 35.5 39.9 70.8 37.9 53.2 37.9 37.9 11:38:58.304
34.475 36.0 35.5 39.9 70.8 37.9 53.2 37.9 37.9 11:38:58.475
34.645 36.0 35.5 39.9 70.8 37.8 53.2 37.8 37.8 11:38:58.645
34.816 36.2 35.5 39.9 70.8 37.8 53.3 37.8 37.8 11:38:58.816
34.987 36.4 35.5 39.9 70.8 37.8 53.3 37.8 37.8 11:38:58.987
35.157 36.3 35.5 39.9 70.8 37.8 53.3 37.8 37.8 11:38:59.157
35.328 36.0 35.5 39.9 70.8 37.8 53.3 37.8 37.8 11:38:59.328
35.499 36.2 35.5 39.9 70.8 37.8 53.3 37.8 37.8 11:38:59.499
35.669 35.8 35.5 39.9 70.8 37.8 53.3 37.8 37.8 11:38:59.669
35.840 35.9 35.5 39.9 70.8 37.8 53.4 37.8 37.8 11:38:59.840
36.011 36.1 35.5 39.9 70.8 37.8 53.4 37.8 37.8 11:39:00.011
36.181 36.0 35.5 39.9 70.8 37.8 53.4 37.8 37.8 11:39:00.181
36.352 36.1 35.5 39.9 70.8 37.8 53.4 37.8 37.8 11:39:00.352
36.523 36.2 35.5 39.9 70.8 37.8 53.4 37.8 37.8 11:39:00.523
36.693 36.1 35.5 39.9 70.8 37.8 53.4 37.8 37.8 11:39:00.693
36.864 36.0 35.5 39.9 70.8 37.8 53.5 37.8 37.8 11:39:00.864
37.035 36.1 35.5 39.9 70.8 37.8 53.5 37.8 37.8 11:39:01.035
37.205 35.9 35.5 39.9 70.8 37.8 53.5 37.8 37.8 11:39:01.205
37.376 36.1 35.5 39.9 70.8 37.8 53.5 37.8 37.8 11:39:01.376
37.547 35.9 35.5 39.9 70.8 37.8 53.5 37.8 37.8 11:39:01.547
37.717 36.0 35.5 39.9 70.8 37.8 53.5 37.8 37.8 11:39:01.717
37.888 36.2 35.5 39.9 70.8 37.8 53.6 37.8 37.8 11:39:01.888
38.059 36.2 35.5 39.9 70.8 37.8 53.6 37.8 37.8 11:39:02.059
38.229 36.1 35.5 39.9 70.8 37.8 53.6 37.8 37.8 11:39:02.229
38.400 36.2 35.5 39.9 70.8 37.8 53.6 37.8 37.8 11:39:02.400
38.571 36.1 35.5 39.9 70.8 37.7 53.6 37.7 37.7 11:39:02.571
38.741 36.0 35.5 39.9 70.8 37.7 53.6 37.7 37.7 11:39:02.741
38.912 36.1 35.5 39.9 70.8 37.7 53.6 37.7 37.7 11:39:02.912
39.083 35.9 35.5 39.9 70.8 37.7 53.7 37.7 37.7 11:39:03.083
39.253 35.7 35.5 39.9 70.8 37.7 53.7 37.7 37.7 11:39:03.253
39.424 35.6 35.5 39.9 70.8 37.7 53.7 37.7 37.7 11:39:03.424
39.595 35.8 35.5 39.9 70.8 37.7 53.7 37.7 37.7 11:39:03.595
39.765 35.8 35.5 39.9 70.8 37.7 53.7 37.7 37.7 11:39:03.765
39.936 35.6 35.5 39.9 70.8 37.7 53.7 37.7 37.7 11:39:03.936
40.107 35.8 35.5 39.9 70.8 37.7 53.7 37.7 37.7 11:39:04.107
40.277 35.9 35.5 39.9 70.8 37.7 53.7 37.7 37.7 11:39:04.277
40.448 35.7 35.5 39.9 70.8 37.7 53.8 37.7 37.7 11:39:04.448
40.619 35.9 35.5 39.9 70.8 37.7 53.8 37.7 37.7 11:39:04.619
40.789 36.0 35.5 39.9 70.8 37.7 53.8 37.7 37.7 11:39:04.789
40.960 36.1 35.5 39.9 70.8 37.7 53.8 37.7 37.7 11:39:04.960
41.131 35.6 35.5 39.9 70.8 37.7 53.8 37.7 37.7 11:39:05.131
41.301 35.7 35.5 39.9 70.8 37.7 53.8 37.7 37.7 11:39:05.301
41.472 35.9 35.5 39.9 70.8 37.7 53.8 37.7 37.7 11:39:05.472
41.643 36.1 35.5 39.9 70.8 37.7 53.9 37.7 37.7 11:39:05.643
41.813 36.3 35.5 39.9 70.8 37.7 53.9 37.7 37.7 11:39:05.813
41.984 35.8 35.5 39.9 70.8 37.7 53.9 37.7 37.7 11:39:05.984
42.155 35.7 35.5 39.9 70.8 37.6 53.9 37.6 37.6 11:39:06.155
42.325 35.9 35.5 39.9 70.8 37.6 53.9 37.6 37.6 11:39:06.325
42.496 35.5 35.5 39.9 70.8 37.6 53.9 37.6 37.6 11:39:06.496
42.667 35.6 35.5 39.9 70.8 37.6 53.9 37.6 37.6 11:39:06.667
42.837 35.8 35.5 39.9 70.8 37.6 53.9 37.6 37.6 11:39:06.837
43.008 36.1 35.5 39.9 70.8 37.6 54.0 37.6 37.6 11:39:07.008
43.179 36.2 35.5 39.9 70.8 37.6 54.0 37.6 37.6 11:39:07.179
43.349 36.0 35.5 39.9 70.8 37.6 54.0 37.6 37.6 11:39:07.349
43.520 36.1 35.5 39.9 70.8 37.6 54.0 37.6 37.6 11:39:07.520
43.691 35.9 35.5 39.9 70.8 37.6 54.0 37.6 37.6 11:39:07.691
43.861 36.0 35.5 39.9 70.8 37.6 54.0 37.6 37.6 11:39:07.861
44.032 36.2 35.5 39.9 70.8 37.6 54.0 37.6 37.6 11:39:08.032
44.203 36.0 35.5 39.9 70.8 37.6 54.1 37.6 37.6 11:39:08.203
44.373 35.9 35.5 39.9 70.8 37.6 54.1 37.6 37.6 11:39:08.373
44.544 35.8 35.5 39.9 70.8 37.6 54.1 37.6 37.6 11:39:08.544
44.715 36.0 35.5 39.9 70.8 37.6 54.1 37.6 37.6 11:39:08.715
44.885 35.7 35.5 39.9 70.8 37.6 54.1 37.6 37.6 11:39:08.885
45.056 35.9 35.5 39.9 70.8 37.6 54.1 37.6 37.6 11:39:09.056
45.227 36.0 35.5 39.9 70.8 37.6 54.1 37.6 37.6 11:39:09.227
45.397 35.6 35.5 39.9 70.8 37.6 54.1 37.6 37.6 11:39:09.397
45.568 35.7 35.5 39.9 70.8 37.6 54.2 37.6 37.6 11:39:09.568
45.739 35.9 35.5 39.9 70.8 37.6 54.2 37.6 37.6 11:39:09.739
45.909 36.0 35.5 39.9 70.8 37.6 54.2 37.6 37.6 11:39:09.909
46.080 36.0 35.5 39.9 70.8 37.6 54.2 37.6 37.6 11:39:10.080
46.251 36.1 35.5 39.9 70.8 37.6 54.2 37.6 37.6 11:39:10.251
46.421 36.2 35.5 39.9 70.8 37.6 54.2 37.6 37.6 11:39:10.421
46.592 36.4 35.5 39.9 70.8 37.6 54.2 37.6 37.6 11:39:10.592
46.763 35.9 35.5 39.9 70.8 37.6 54.2 37.6 37.6 11:39:10.763
46.933 35.9 35.5 39.9 70.8 37.5 54.3 37.5 37.5 11:39:10.933
47.104 35.8 35.5 39.9 70.8 37.5 54.3 37.5 37.5 11:39:11.104
47.275 36.0 35.5 39.9 70.8 37.5 54.3 37.5 37.5 11:39:11.275
47.445 36.1 35.5 39.9 70.8 37.5 54.3 37.5 37.5 11:39:11.445
47.616 36.1 35.5 39.9 70.8 37.5 54.3 37.5 37.5 11:39:11.616
47.787 35.9 35.5 39.9 70.8 37.5 54.3 37.5 37.5 11:39:11.787
47.957 35.8 35.5 39.9 70.8 37.5 54.3 37.5 37.5 11:39:11.957
48.128 35.6 35.5 39.9 70.8 37.5 54.3 37.5 37.5 11:39:12.128
48.299 35.6 35.5 39.9 70.8 37.5 54.4 37.5 37.5 11:39:12.299
48.469 35.7 35.5 39.9 70.8 37.5 54.4 37.5 37.5 11:39:12.469
48.640 35.7 35.5 39.9 70.8 37.5 54.4 37.5 37.5 11:39:12.640
48.811 35.9 35.5 39.9 70.8 37.5 54.4 37.5 37.5 11:39:12.811
48.981 35.9 35.5 39.9 70.8 37.5 54.4 37.5 37.5 11:39:12.981
49.152 35.8 35.5 39.9 70.8 37.5 54.4 37.5 37.5 11:39:13.152
49.323 35.8 35.5 39.9 70.8 37.5 54.4 37.5 37.5 11:39:13.323
49.493 35.1 35.1 39.9 70.8 37.5 54.4 37.5 37.5 11:39:13.493
49.664 35.1 35.1 39.9 70.8 37.5 54.4 37.5 37.5 11:39:13.664
49.835 35.2 35.1 39.9 70.8 37.5 54.5 37.5 37.5 11:39:13.835
50.005 35.4 35.1 39.9 70.8 37.5 54.5 37.5 37.5 11:39:14.005
50.176 35.1 35.0 39.9 70.8 37.5 54.5 37.5 37.5 11:39:14.176
50.347 35.4 35.0 39.9 70.8 37.5 54.5 37.5 37.5 11:39:14.347
50.517 35.5 35.0 39.9 70.8 37.5 54.5 37.5 37.5 11:39:14.517
50.688 35.7 35.0 39.9 70.8 37.5 54.5 37.5 37.5 11:39:14.688
50.859 35.9 35.0 39.9 70.8 37.5 54.5 37.5 37.5 11:39:14.859
51.029 36.2 35.0 39.9 70.8 37.5 54.5 37.5 37.5 11:39:15.029
51.200 36.0 35.0 39.9 70.8 37.5 54.6 37.5 37.5 11:39:15.200
51.371 36.3 35.0 39.9 70.8 37.5 54.6 37.5 37.5 11:39:15.371
51.541 36.1 35.0 39.9 70.8 37.5 54.6 37.5 37.5 11:39:15.541
51.712 35.6 35.0 39.9 70.8 37.5 54.6 37.5 37.5 11:39:15.712
51.883 35.5 35.0 39.9 70.8 37.5 54.6 37.5 37.5 11:39:15.883
52.053 35.6 35.0 39.9 70.8 37.4 54.6 37.4 37.4 11:39:16.053
52.224 35.4 35.0 39.9 70.8 37.4 54.6 37.4 37.4 11:39:16.224
52.395 34.9 34.9 39.9 70.8 37.4 54.6 37.4 37.4 11:39:16.395
52.565 35.1 34.9 39.9 70.8 37.4 54.6 37.4 37.4 11:39:16.565
52.736 35.3 34.9 39.9 70.8 37.4 54.6 37.4 37.4 11:39:16.736
52.907 35.6 34.9 39.9 70.8 37.4 54.7 37.4 37.4 11:39:16.907
53.077 35.8 34.9 39.9 70.8 37.4 54.7 37.4 37.4 11:39:17.077
53.248 35.9 34.9 39.9 70.8 37.4 54.7 37.4 37.4 11:39:17.248
53.419 36.0 34.9 39.9 70.8 37.4 54.7 37.4 37.4 11:39:17.419
53.589 36.0 34.9 39.9 70.8 37.4 54.7 37.4 37.4 11:39:17.589
53.760 35.7 34.9 39.9 70.8 37.4 54.7 37.4 37.4 11:39:17.760
53.931 35.8 34.9 39.9 70.8 37.4 54.7 37.4 37.4 11:39:17.931
54.101 35.4 34.9 39.9 70.8 37.4 54.7 37.4 37.4 11:39:18.101
54.272 35.5 34.9 39.9 70.8 37.4 54.7 37.4 37.4 11:39:18.272
54.443 35.5 34.9 39.9 70.8 37.4 54.8 37.4 37.4 11:39:18.443
54.613 35.2 34.9 39.9 70.8 37.4 54.8 37.4 37.4 11:39:18.613
54.784 35.3 34.9 39.9 70.8 37.4 54.8 37.4 37.4 11:39:18.784
54.955 35.2 34.9 39.9 70.8 37.4 54.8 37.4 37.4 11:39:18.955
55.125 35.3 34.9 39.9 70.8 37.4 54.8 37.4 37.4 11:39:19.125
55.296 35.2 34.9 39.9 70.8 37.4 54.8 37.4 37.4 11:39:19.296
55.467 35.3 34.9 39.9 70.8 37.4 54.8 37.4 37.4 11:39:19.467
55.637 35.4 34.9 39.9 70.8 37.4 54.8 37.4 37.4 11:39:19.637
55.808 35.6 34.9 39.9 70.8 37.4 54.8 37.4 37.4 11:39:19.808
55.979 35.1 34.9 39.9 70.8 37.4 54.8 37.4 37.4 11:39:19.979
56.149 35.3 34.9 39.9 70.8 37.4 54.9 37.4 37.4 11:39:20.149
56.320 35.4 34.9 39.9 70.8 37.4 54.9 37.4 37.4 11:39:20.320
56.491 35.5 34.9 39.9 70.8 37.4 54.9 37.4 37.4 11:39:20.491
56.661 35.6 34.9 39.9 70.8 37.3 54.9 37.3 37.3 11:39:20.661
56.832 35.4 34.9 39.9 70.8 37.3 54.9 37.3 37.3 11:39:20.832
57.003 35.1 34.9 39.9 70.8 37.3 54.9 37.3 37.3 11:39:21.003
57.173 35.4 34.9 39.9 70.8 37.3 54.9 37.3 37.3 11:39:21.173
57.344 35.3 34.9 39.9 70.8 37.3 54.9 37.3 37.3 11:39:21.344
57.515 35.3 34.9 39.9 70.8 37.3 54.9 37.3 37.3 11:39:21.515
57.685 35.6 34.9 39.9 70.8 37.3 54.9 37.3 37.3 11:39:21.685
57.856 35.7 34.9 39.9 70.8 37.3 54.9 37.3 37.3 11:39:21.856
58.027 35.3 34.9 39.9 70.8 37.3 55.0 37.3 37.3 11:39:22.027
58.197 35.5 34.9 39.9 70.8 37.3 55.0 37.3 37.3 11:39:22.197
58.368 35.5 34.9 39.9 70.8 37.3 55.0 37.3 37.3 11:39:22.368
58.539 35.5 34.9 39.9 70.8 37.3 55.0 37.3 37.3 11:39:22.539
58.709 35.0 34.9 39.9 70.8 37.3 55.0 37.3 37.3 11:39:22.709
58.880 35.2 34.9 39.9 70.8 37.3 55.0 37.3 37.3 11:39:22.880
59.051 35.4 34.9 39.9 70.8 37.3 55.0 37.3 37.3 11:39:23.051
59.221 35.2 34.9 39.9 70.8 37.3 55.0 37.3 37.3 11:39:23.221
59.392 35.3 34.9 39.9 70.8 37.3 55.0 37.3 37.3 11:39:23.392
59.563 35.4 34.9 39.9 70.8 37.3 55.0 37.3 37.3 11:39:23.563
59.733 34.9 34.9 39.9 70.8 37.3 55.0 37.3 37.3 11:39:23.733
59.904 35.1 34.9 39.9 70.8 37.3 55.1 37.3 37.3 11:39:23.904
60.075 35.2 34.9 39.9 70.8 37.3 55.1 37.3 37.3 11:39:24.075
60.245 35.5 34.9 39.9 70.8 37.3 55.1 37.3 37.3 11:39:24.245
60.416 35.6 34.9 39.9 70.8 37.3 55.1 37.3 37.3 11:39:24.416
60.587 35.6 34.9 39.9 70.8 37.3 55.1 37.3 37.3 11:39:24.587
60.757 35.6 34.9 39.9 70.8 37.3 55.1 37.3 37.3 11:39:24.757
60.928 34.9 34.9 39.9 70.8 37.3 55.1 37.2 37.3 11:39:24.928
61.099 35.2 34.9 39.9 70.8 37.3 55.1 37.2 37.3 11:39:25.099
61.269 35.3 34.9 39.9 70.8 37.3 55.1 37.2 37.3 11:39:25.269
61.440 35.5 34.9 39.9 70.8 37.3 55.1 37.2 37.3 11:39:25.440
61.611 35.6 34.9 39.9 70.8 37.3 55.2 37.2 37.3 11:39:25.611
61.781 35.3 34.9 39.9 70.8 37.3 55.2 37.2 37.3 11:39:25.781
61.952 35.3 34.9 39.9 70.8 37.2 55.2 37.2 37.2 11:39:25.952
62.123 35.5 34.9 39.9 70.8 37.2 55.2 37.2 37.2 11:39:26.123
62.293 35.5 34.9 39.9 70.8 37.2 55.2 37.2 37.2 11:39:26.293
62.464 35.3 34.9 39.9 70.8 37.2 55.2 37.2 37.2 11:39:26.464
62.635 35.5 34.9 39.9 70.8 37.2 55.2 37.2 37.2 11:39:26.635
62.805 35.3 34.9 39.9 70.8 37.2 55.2 37.2 37.2 11:39:26.805
62.976 35.4 34.9 39.9 70.8 37.2 55.2 37.2 37.2 11:39:26.976
63.147 35.3 34.9 39.9 70.8 37.2 55.2 37.2 37.2 11:39:27.147
63.317 35.2 34.9 39.9 70.8 37.2 55.2 37.2 37.2 11:39:27.317
63.488 35.4 34.9 39.9 70.8 37.2 55.2 37.2 37.2 11:39:27.488
63.659 35.3 34.9 39.9 70.8 37.2 55.3 37.2 37.2 11:39:27.659
63.829 35.2 34.9 39.9 70.8 37.2 55.3 37.2 37.2 11:39:27.829
64.000 35.3 34.9 39.9 70.8 37.2 55.3 37.2 37.2 11:39:28.000
64.171 35.3 34.9 39.9 70.8 37.2 55.3 37.2 37.2 11:39:28.171
64.341 35.4 34.9 39.9 70.8 37.2 55.3 37.2 37.2 11:39:28.341
64.512 35.3 34.9 39.9 70.8 37.2 55.3 37.2 37.2 11:39:28.512
64.683 35.0 34.9 39.9 70.8 37.2 55.3 37.2 37.2 11:39:28.683
64.853 34.9 34.8 39.9 70.8 37.2 55.3 37.2 37.2 11:39:28.853
65.024 34.7 34.7 39.9 70.8 37.2 55.3 37.2 37.2 11:39:29.024
65.195 34.8 34.7 39.9 70.8 37.2 55.3 37.2 37.2 11:39:29.195
65.365 35.1 34.7 39.9 70.8 37.2 55.3 37.2 37.2 11:39:29.365
65.536 35.2 34.7 39.9 70.8 37.2 55.3 37.2 37.2 11:39:29.536
65.707 35.0 34.7 39.9 70.8 37.2 55.4 37.2 37.2 11:39:29.707
65.877 35.1 34.7 39.9 70.8 37.2 55.4 37.1 37.2 11:39:29.877
66.048 35.2 34.7 39.9 70.8 37.2 55.4 37.1 37.2 11:39:30.048
66.219 35.0 34.7 39.9 70.8 37.2 55.4 37.1 37.2 11:39:30.219
66.389 35.1 34.7 39.9 70.8 37.2 55.4 37.1 37.2 11:39:30.389
66.560 35.3 34.7 39.9 70.8 37.2 55.4 37.1 37.2 11:39:30.560
66.731 35.0 34.7 39.9 70.8 37.2 55.4 37.1 37.2 11:39:30.731
66.901 35.1 34.7 39.9 70.8 37.2 55.4 37.1 37.2 11:39:30.901
67.072 35.3 34.7 39.9 70.8 37.2 55.4 37.1 37.2 11:39:31.072
67.243 34.9 34.7 39.9 70.8 37.1 55.4 37.1 37.1 11:39:31.243
67.413 35.2 34.7 39.9 70.8 37.1 55.4 37.1 37.1 11:39:31.413
67.584 35.3 34.7 39.9 70.8 37.1 55.4 37.1 37.1 11:39:31.584
67.755 35.3 34.7 39.9 70.8 37.1 55.5 37.1 37.1 11:39:31.755
67.925 35.2 34.7 39.9 70.8 37.1 55.5 37.1 37.1 11:39:31.925
68.096 35.2 34.7 39.9 70.8 37.1 55.5 37.1 37.1 11:39:32.096
68.267 35.3 34.7 39.9 70.8 37.1 55.5 37.1 37.1 11:39:32.267
68.437 35.4 34.7 39.9 70.8 37.1 55.5 37.1 37.1 11:39:32.437
68.608 35.3 34.7 39.9 70.8 37.1 55.5 37.1 37.1 11:39:32.608
68.779 35.1 34.7 39.9 70.8 37.1 55.5 37.1 37.1 11:39:32.779
68.949 35.2 34.7 39.9 70.8 37.1 55.5 37.1 37.1 11:39:32.949
69.120 34.8 34.7 39.9 70.8 37.1 55.5 37.1 37.1 11:39:33.120
69.291 35.1 34.7 39.9 70.8 37.1 55.5 37.1 37.1 11:39:33.291
69.461 35.2 34.7 39.9 70.8 37.1 55.5 37.1 37.1 11:39:33.461
69.632 35.1 34.7 39.9 70.8 37.1 55.5 37.1 37.1 11:39:33.632
69.803 35.2 34.7 39.9 70.8 37.1 55.5 37.1 37.1 11:39:33.803
69.973 35.1 34.7 39.9 70.8 37.1 55.6 37.1 37.1 11:39:33.973
70.144 34.9 34.7 39.9 70.8 37.1 55.6 37.1 37.1 11:39:34.144
70.315 35.2 34.7 39.9 70.8 37.1 55.6 37.1 37.1 11:39:34.315
70.485 35.0 34.7 39.9 70.8 37.1 55.6 37.0 37.1 11:39:34.485
70.656 35.2 34.7 39.9 70.8 37.1 55.6 37.0 37.1 11:39:34.656
70.827 35.1 34.7 39.9 70.8 37.1 55.6 37.0 37.1 11:39:34.827
70.997 34.9 34.7 39.9 70.8 37.1 55.6 37.0 37.1 11:39:34.997
71.168 35.0 34.7 39.9 70.8 37.1 55.6 37.0 37.1 11:39:35.168
71.339 35.4 34.7 39.9 70.8 37.1 55.6 37.0 37.1 11:39:35.339
71.509 35.5 34.7 39.9 70.8 37.1 55.6 37.0 37.1 11:39:35.509
71.680 35.2 34.7 39.9 70.8 37.1 55.6 37.0 37.1 11:39:35.680
71.851 35.5 34.7 39.9 70.8 37.1 55.6 37.0 37.1 11:39:35.851
72.021 35.9 34.7 39.9 70.8 37.1 55.7 37.0 37.1 11:39:36.021
72.192 35.8 34.7 39.9 70.8 37.1 55.7 37.0 37.1 11:39:36.192
72.363 35.3 34.7 39.9 70.8 37.1 55.7 37.0 37.1 11:39:36.363
72.533 35.1 34.7 39.9 70.8 37.1 55.7 37.0 37.1 11:39:36.533
72.704 35.2 34.7 39.9 70.8 37.1 55.7 37.0 37.1 11:39:36.704
72.875 35.1 34.7 39.9 70.8 37.1 55.7 37.0 37.1 11:39:36.875
73.045 35.2 34.7 39.9 70.8 37.1 55.7 37.0 37.1 11:39:37.045
73.216 35.6 34.7 39.9 70.8 37.1 55.7 37.0 37.1 11:39:37.216
73.387 35.6 34.7 39.9 70.8 37.1 55.7 37.0 37.1 11:39:37.387
73.557 35.6 34.7 39.9 70.8 37.1 55.7 37.0 37.1 11:39:37.557
73.728 35.9 34.7 39.9 70.8 37.1 55.7 37.0 37.1 11:39:37.728
73.899 35.7 34.7 39.9 70.8 37.1 55.7 37.0 37.1 11:39:37.899
74.069 35.3 34.7 39.9 70.8 37.1 55.8 37.0 37.1 11:39:38.069
74.240 35.6 34.7 39.9 70.8 37.1 55.8 37.0 37.1 11:39:38.240
74.411 35.8 34.7 39.9 70.8 37.1 55.8 37.0 37.1 11:39:38.411
74.581 35.9 34.7 39.9 70.8 37.1 55.8 37.0 37.1 11:39:38.581
74.752 36.0 34.7 39.9 70.8 37.1 55.8 37.0 37.1 11:39:38.752
74.923 36.1 34.7 39.9 70.8 37.1 55.8 37.0 37.1 11:39:38.923
75.093 35.9 34.7 39.9 70.8 37.1 55.8 37.0 37.1 11:39:39.093
75.264 35.7 34.7 39.9 70.8 37.1 55.8 37.0 37.1 11:39:39.264
75.435 35.7 34.7 39.9 70.8 37.0 55.8 37.0 37.0 11:39:39.435
75.605 35.9 34.7 39.9 70.8 37.0 55.8 37.0 37.0 11:39:39.605
75.776 35.8 34.7 39.9 70.8 37.0 55.8 37.0 37.0 11:39:39.776
75.947 35.9 34.7 39.9 70.8 37.0 55.9 37.0 37.0 11:39:39.947
76.117 35.5 34.7 39.9 70.8 37.0 55.9 37.0 37.0 11:39:40.117
76.288 35.4 34.7 39.9 70.8 37.0 55.9 37.0 37.0 11:39:40.288
76.459 35.6 34.7 39.9 70.8 37.0 55.9 37.0 37.0 11:39:40.459
76.629 35.4 34.7 39.9 70.8 37.0 55.9 37.0 37.0 11:39:40.629
76.800 35.1 34.7 39.9 70.8 37.0 55.9 36.9 37.0 11:39:40.800
76.971 35.2 34.7 39.9 70.8 37.0 55.9 36.9 37.0 11:39:40.971
77.141 35.0 34.7 39.9 70.8 37.0 55.9 36.9 37.0 11:39:41.141
77.312 35.3 34.7 39.9 70.8 37.0 55.9 36.9 37.0 11:39:41.312
77.483 35.5 34.7 39.9 70.8 37.0 55.9 36.9 37.0 11:39:41.483
77.653 35.7 34.7 39.9 70.8 37.0 55.9 36.9 37.0 11:39:41.653
77.824 35.8 34.7 39.9 70.8 37.0 55.9 36.9 37.0 11:39:41.824
77.995 35.7 34.7 39.9 70.8 37.0 55.9 36.9 37.0 11:39:41.995
78.165 35.9 34.7 39.9 70.8 37.0 56.0 36.9 37.0 11:39:42.165
78.336 35.8 34.7 39.9 70.8 37.0 56.0 36.9 37.0 11:39:42.336
78.507 35.7 34.7 39.9 70.8 37.0 56.0 36.9 37.0 11:39:42.507
78.677 35.8 34.7 39.9 70.8 37.0 56.0 36.9 37.0 11:39:42.677
78.848 35.9 34.7 39.9 70.8 37.0 56.0 36.9 37.0 11:39:42.848
79.019 35.7 34.7 39.9 70.8 37.0 56.0 36.9 37.0 11:39:43.019
79.189 35.2 34.7 39.9 70.8 37.0 56.0 36.9 37.0 11:39:43.189
79.360 35.5 34.7 39.9 70.8 37.0 56.0 36.9 37.0 11:39:43.360
79.531 35.6 34.7 39.9 70.8 37.0 56.0 36.9 37.0 11:39:43.531
79.701 35.7 34.7 39.9 70.8 37.0 56.0 36.9 37.0 11:39:43.701
79.872 35.4 34.7 39.9 70.8 37.0 56.0 36.9 37.0 11:39:43.872
80.043 35.5 34.7 39.9 70.8 37.0 56.0 36.9 37.0 11:39:44.043
80.213 35.7 34.7 39.9 70.8 37.0 56.0 36.9 37.0 11:39:44.213
80.384 35.8 34.7 39.9 70.8 37.0 56.1 36.9 37.0 11:39:44.384
80.555 35.7 34.7 39.9 70.8 37.0 56.1 36.9 37.0 11:39:44.555
80.725 35.4 34.7 39.9 70.8 37.0 56.1 36.9 37.0 11:39:44.725
80.896 35.5 34.7 39.9 70.8 37.0 56.1 36.9 37.0 11:39:44.896
81.067 35.0 34.7 39.9 70.8 37.0 56.1 36.9 37.0 11:39:45.067
81.237 35.2 34.7 39.9 70.8 37.0 56.1 36.9 37.0 11:39:45.237
81.408 35.0 34.7 39.9 70.8 37.0 56.1 36.9 37.0 11:39:45.408
81.579 35.2 34.7 39.9 70.8 37.0 56.1 36.9 37.0 11:39:45.579
81.749 35.4 34.7 39.9 70.8 37.0 56.1 36.9 37.0 11:39:45.749
81.920 35.6 34.7 39.9 70.8 37.0 56.1 36.9 37.0 11:39:45.920
82.091 35.8 34.7 39.9 70.8 37.0 56.1 36.9 37.0 11:39:46.091
82.261 35.9 34.7 39.9 70.8 37.0 56.1 36.9 37.0 11:39:46.261
82.432 35.7 34.7 39.9 70.8 37.0 56.1 36.9 37.0 11:39:46.432
82.603 35.5 34.7 39.9 70.8 37.0 56.2 36.9 37.0 11:39:46.603
82.773 35.5 34.7 39.9 70.8 37.0 56.2 36.9 37.0 11:39:46.773
82.944 35.6 34.7 39.9 70.8 37.0 56.2 36.9 37.0 11:39:46.944
83.115 35.9 34.7 39.9 70.8 37.0 56.2 36.9 37.0 11:39:47.115
83.285 36.3 34.7 39.9 70.8 37.0 56.2 36.9 37.0 11:39:47.285
83.456 36.5 34.7 39.9 70.8 37.0 56.2 36.9 37.0 11:39:47.456
83.627 36.2 34.7 39.9 70.8 37.0 56.2 36.9 37.0 11:39:47.627
83.797 36.4 34.7 39.9 70.8 37.0 56.2 36.9 37.0 11:39:47.797
83.968 35.9 34.7 39.9 70.8 37.0 56.2 36.9 37.0 11:39:47.968
84.139 35.7 34.7 39.9 70.8 37.0 56.2 36.9 37.0 11:39:48.139
84.309 35.8 34.7 39.9 70.8 37.0 56.2 36.9 37.0 11:39:48.309
84.480 35.6 34.7 39.9 70.8 37.0 56.2 36.9 37.0 11:39:48.480
84.651 35.5 34.7 39.9 70.8 37.0 56.3 36.9 37.0 11:39:48.651
84.821 35.7 34.7 39.9 70.8 37.0 56.3 36.9 37.0 11:39:48.821
84.992 35.7 34.7 39.9 70.8 37.0 56.3 36.9 37.0 11:39:48.992
85.163 35.7 34.7 39.9 70.8 37.0 56.3 36.9 37.0 11:39:49.163
85.333 35.2 34.7 39.9 70.8 37.0 56.3 36.8 37.0 11:39:49.333
85.504 35.4 34.7 39.9 70.8 37.0 56.3 36.8 37.0 11:39:49.504
85.675 35.6 34.7 39.9 70.8 37.0 56.3 36.8 37.0 11:39:49.675
85.845 35.4 34.7 39.9 70.8 37.0 56.3 36.8 37.0 11:39:49.845
86.016 35.6 34.7 39.9 70.8 37.0 56.3 36.8 37.0 11:39:50.016
86.187 35.8 34.7 39.9 70.8 37.0 56.3 36.7 37.0 11:39:50.187
86.357 35.8 34.7 39.9 70.8 37.0 56.3 36.7 37.0 11:39:50.357
86.528 36.0 34.7 39.9 70.8 37.0 56.3 36.7 37.0 11:39:50.528

