SPL log data saved by REW V5.20.4
Soundcard cal: 
Mic/meter cal: iMM-6_cal.txt
SPL cal offset: 119.27608108520508 dB
High Pass Filter: Off
Date: Mar 4, 2022 12:10:08 PM
Start: 1646395808619
Log length: 265 entries over 45.2s
Log interval: 0.17066666666666666 seconds

Time[s] LCS LCSMin LCSMax LZpeak LCeq LCE LCeq1m LCeq10m
0.171 59.4 59.4 59.6 68.7 59.5 51.8 59.5 59.5 12:10:08.171
0.341 59.1 59.1 59.6 68.7 59.3 54.7 59.3 59.3 12:10:08.341
0.512 59.2 59.1 59.6 69.6 59.4 56.5 59.4 59.4 12:10:08.512
0.683 59.2 59.1 59.6 69.6 59.4 57.8 59.4 59.4 12:10:08.683
0.853 58.9 58.9 59.6 69.6 59.3 58.6 59.3 59.3 12:10:08.853
1.024 59.0 58.9 59.6 69.6 59.4 59.5 59.4 59.4 12:10:09.024
1.195 58.9 58.9 59.6 69.6 59.3 60.1 59.3 59.3 12:10:09.195
1.365 58.7 58.7 59.6 69.6 59.3 60.6 59.3 59.3 12:10:09.365
1.536 58.8 58.7 59.6 69.6 59.3 61.1 59.3 59.3 12:10:09.536
1.707 58.8 58.7 59.6 69.6 59.3 61.6 59.3 59.3 12:10:09.707
1.877 58.7 58.7 59.6 69.6 59.3 62.0 59.3 59.3 12:10:09.877
2.048 58.8 58.7 59.6 69.6 59.3 62.4 59.3 59.3 12:10:10.048
2.219 59.0 58.7 59.6 69.6 59.3 62.8 59.3 59.3 12:10:10.219
2.389 59.0 58.7 59.6 69.6 59.3 63.1 59.3 59.3 12:10:10.389
2.560 58.9 58.7 59.6 69.6 59.3 63.4 59.3 59.3 12:10:10.560
2.731 59.0 58.7 59.6 70.3 59.3 63.6 59.3 59.3 12:10:10.731
2.901 58.8 58.7 59.6 70.3 59.3 63.9 59.3 59.3 12:10:10.901
3.072 58.9 58.7 59.6 70.3 59.3 64.2 59.3 59.3 12:10:11.072
3.243 58.8 58.7 59.6 70.3 59.3 64.4 59.3 59.3 12:10:11.243
3.413 58.7 58.7 59.6 70.3 59.3 64.6 59.3 59.3 12:10:11.413
3.584 58.8 58.7 59.6 70.6 59.2 64.8 59.2 59.2 12:10:11.584
3.755 58.6 58.6 59.6 70.6 59.2 65.0 59.2 59.2 12:10:11.755
3.925 58.7 58.6 59.6 70.6 59.2 65.2 59.2 59.2 12:10:11.925
4.096 58.6 58.6 59.6 70.6 59.2 65.3 59.2 59.2 12:10:12.096
4.267 58.7 58.6 59.6 70.6 59.2 65.5 59.2 59.2 12:10:12.267
4.437 58.8 58.6 59.6 70.6 59.2 65.7 59.2 59.2 12:10:12.437
4.608 58.9 58.6 59.6 70.6 59.2 65.9 59.2 59.2 12:10:12.608
4.779 59.0 58.6 59.6 70.6 59.2 66.0 59.2 59.2 12:10:12.779
4.949 58.8 58.6 59.6 70.6 59.2 66.2 59.2 59.2 12:10:12.949
5.120 58.8 58.6 59.6 70.6 59.2 66.3 59.2 59.2 12:10:13.120
5.291 58.8 58.6 59.6 70.6 59.2 66.5 59.2 59.2 12:10:13.291
5.461 58.9 58.6 59.6 70.6 59.2 66.6 59.2 59.2 12:10:13.461
5.632 58.7 58.6 59.6 70.6 59.2 66.7 59.2 59.2 12:10:13.632
5.803 58.5 58.5 59.6 70.6 59.2 66.8 59.2 59.2 12:10:13.803
5.973 58.6 58.5 59.6 70.6 59.2 67.0 59.2 59.2 12:10:13.973
6.144 58.7 58.5 59.6 70.6 59.2 67.1 59.2 59.2 12:10:14.144
6.315 58.8 58.5 59.6 70.6 59.2 67.2 59.2 59.2 12:10:14.315
6.485 58.5 58.5 59.6 70.6 59.2 67.3 59.2 59.2 12:10:14.485
6.656 58.7 58.5 59.6 70.6 59.2 67.4 59.2 59.2 12:10:14.656
6.827 58.8 58.5 59.6 70.6 59.2 67.6 59.2 59.2 12:10:14.827
6.997 58.9 58.5 59.6 70.6 59.2 67.7 59.2 59.2 12:10:14.997
7.168 58.6 58.5 59.6 70.6 59.2 67.8 59.2 59.2 12:10:15.168
7.339 58.7 58.5 59.6 70.6 59.2 67.9 59.2 59.2 12:10:15.339
7.509 58.8 58.5 59.6 70.6 59.2 68.0 59.2 59.2 12:10:15.509
7.680 58.9 58.5 59.6 70.6 59.2 68.1 59.2 59.2 12:10:15.680
7.851 58.9 58.5 59.6 70.6 59.2 68.2 59.2 59.2 12:10:15.851
8.021 59.0 58.5 59.6 70.6 59.2 68.3 59.2 59.2 12:10:16.021
8.192 59.0 58.5 59.6 70.6 59.2 68.4 59.2 59.2 12:10:16.192
8.363 59.2 58.5 59.6 71.1 59.2 68.5 59.2 59.2 12:10:16.363
8.533 59.1 58.5 59.6 71.1 59.3 68.6 59.3 59.3 12:10:16.533
8.704 58.9 58.5 59.6 71.1 59.3 68.7 59.3 59.3 12:10:16.704
8.875 58.8 58.5 59.6 71.1 59.2 68.7 59.2 59.2 12:10:16.875
9.045 58.9 58.5 59.6 71.1 59.3 68.8 59.3 59.3 12:10:17.045
9.216 58.8 58.5 59.6 71.1 59.2 68.9 59.2 59.2 12:10:17.216
9.387 58.5 58.5 59.6 71.1 59.2 69.0 59.2 59.2 12:10:17.387
9.557 58.7 58.5 59.6 71.1 59.2 69.0 59.2 59.2 12:10:17.557
9.728 58.8 58.5 59.6 71.1 59.2 69.1 59.2 59.2 12:10:17.728
9.899 58.9 58.5 59.6 71.1 59.2 69.2 59.2 59.2 12:10:17.899
10.069 58.9 58.5 59.6 71.1 59.2 69.3 59.2 59.2 12:10:18.069
10.240 58.8 58.5 59.6 71.1 59.2 69.3 59.2 59.2 12:10:18.240
10.411 59.0 58.5 59.6 71.1 59.2 69.4 59.2 59.2 12:10:18.411
10.581 59.1 58.5 59.6 71.1 59.3 69.5 59.3 59.3 12:10:18.581
10.752 58.9 58.5 59.6 71.1 59.2 69.6 59.2 59.2 12:10:18.752
10.923 59.0 58.5 59.6 71.1 59.3 69.6 59.3 59.3 12:10:18.923
11.093 59.1 58.5 59.6 71.1 59.3 69.7 59.3 59.3 12:10:19.093
11.264 59.1 58.5 59.6 71.1 59.3 69.8 59.3 59.3 12:10:19.264
11.435 59.0 58.5 59.6 71.1 59.3 69.8 59.3 59.3 12:10:19.435
11.605 58.8 58.5 59.6 71.1 59.3 69.9 59.3 59.3 12:10:19.605
11.776 58.9 58.5 59.6 71.1 59.3 70.0 59.3 59.3 12:10:19.776
11.947 58.6 58.5 59.6 71.1 59.3 70.0 59.3 59.3 12:10:19.947
12.117 58.8 58.5 59.6 71.1 59.3 70.1 59.3 59.3 12:10:20.117
12.288 58.9 58.5 59.6 71.1 59.3 70.2 59.3 59.3 12:10:20.288
12.459 59.0 58.5 59.6 71.1 59.3 70.2 59.3 59.3 12:10:20.459
12.629 58.8 58.5 59.6 71.1 59.3 70.3 59.3 59.3 12:10:20.629
12.800 58.9 58.5 59.6 71.6 59.3 70.3 59.3 59.3 12:10:20.800
12.971 59.0 58.5 59.6 71.6 59.3 70.4 59.3 59.3 12:10:20.971
13.141 59.1 58.5 59.6 71.6 59.3 70.5 59.3 59.3 12:10:21.141
13.312 59.1 58.5 59.6 71.6 59.3 70.5 59.3 59.3 12:10:21.312
13.483 59.0 58.5 59.6 71.6 59.3 70.6 59.3 59.3 12:10:21.483
13.653 59.1 58.5 59.6 71.6 59.3 70.6 59.3 59.3 12:10:21.653
13.824 59.2 58.5 59.6 71.6 59.3 70.7 59.3 59.3 12:10:21.824
13.995 59.0 58.5 59.6 71.6 59.3 70.7 59.3 59.3 12:10:21.995
14.165 59.0 58.5 59.6 71.6 59.3 70.8 59.3 59.3 12:10:22.165
14.336 58.9 58.5 59.6 71.6 59.3 70.8 59.3 59.3 12:10:22.336
14.507 59.0 58.5 59.6 71.6 59.3 70.9 59.3 59.3 12:10:22.507
14.677 59.0 58.5 59.6 71.6 59.3 70.9 59.3 59.3 12:10:22.677
14.848 59.1 58.5 59.6 71.6 59.3 71.0 59.3 59.3 12:10:22.848
15.019 59.0 58.5 59.6 71.6 59.3 71.1 59.3 59.3 12:10:23.019
15.189 58.9 58.5 59.6 71.6 59.3 71.1 59.3 59.3 12:10:23.189
15.360 58.8 58.5 59.6 71.6 59.3 71.1 59.3 59.3 12:10:23.360
15.531 58.9 58.5 59.6 71.6 59.3 71.2 59.3 59.3 12:10:23.531
15.701 58.9 58.5 59.6 71.6 59.3 71.2 59.3 59.3 12:10:23.701
15.872 58.8 58.5 59.6 71.6 59.3 71.3 59.3 59.3 12:10:23.872
16.043 58.9 58.5 59.6 71.6 59.3 71.3 59.3 59.3 12:10:24.043
16.213 58.7 58.5 59.6 71.6 59.3 71.4 59.3 59.3 12:10:24.213
16.384 58.8 58.5 59.6 71.6 59.3 71.4 59.3 59.3 12:10:24.384
16.555 58.8 58.5 59.6 71.6 59.3 71.5 59.3 59.3 12:10:24.555
16.725 58.9 58.5 59.6 71.6 59.3 71.5 59.3 59.3 12:10:24.725
16.896 59.0 58.5 59.6 71.6 59.3 71.5 59.3 59.3 12:10:24.896
17.067 59.1 58.5 59.6 71.6 59.3 71.6 59.3 59.3 12:10:25.067
17.237 59.2 58.5 59.6 71.6 59.3 71.6 59.3 59.3 12:10:25.237
17.408 59.0 58.5 59.6 71.6 59.3 71.7 59.3 59.3 12:10:25.408
17.579 58.8 58.5 59.6 71.6 59.3 71.7 59.3 59.3 12:10:25.579
17.749 58.9 58.5 59.6 71.6 59.3 71.8 59.3 59.3 12:10:25.749
17.920 58.8 58.5 59.6 71.6 59.3 71.8 59.3 59.3 12:10:25.920
18.091 58.9 58.5 59.6 71.6 59.3 71.9 59.3 59.3 12:10:26.091
18.261 58.8 58.5 59.6 71.6 59.3 71.9 59.3 59.3 12:10:26.261
18.432 58.8 58.5 59.6 71.6 59.3 71.9 59.3 59.3 12:10:26.432
18.603 58.6 58.5 59.6 71.6 59.3 72.0 59.3 59.3 12:10:26.603
18.773 58.7 58.5 59.6 71.6 59.3 72.0 59.3 59.3 12:10:26.773
18.944 58.8 58.5 59.6 71.6 59.3 72.1 59.3 59.3 12:10:26.944
19.115 58.9 58.5 59.6 71.6 59.3 72.1 59.3 59.3 12:10:27.115
19.285 59.0 58.5 59.6 72.3 59.3 72.1 59.3 59.3 12:10:27.285
19.456 59.1 58.5 59.6 72.3 59.3 72.2 59.3 59.3 12:10:27.456
19.627 58.9 58.5 59.6 72.3 59.3 72.2 59.3 59.3 12:10:27.627
19.797 59.0 58.5 59.6 72.3 59.3 72.2 59.3 59.3 12:10:27.797
19.968 59.1 58.5 59.6 72.3 59.3 72.3 59.3 59.3 12:10:27.968
20.139 59.2 58.5 59.6 72.3 59.3 72.3 59.3 59.3 12:10:28.139
20.309 58.9 58.5 59.6 72.3 59.3 72.4 59.3 59.3 12:10:28.309
20.480 58.7 58.5 59.6 72.3 59.3 72.4 59.3 59.3 12:10:28.480
20.651 58.8 58.5 59.6 72.3 59.3 72.4 59.3 59.3 12:10:28.651
20.821 58.8 58.5 59.6 72.3 59.3 72.5 59.3 59.3 12:10:28.821
20.992 58.9 58.5 59.6 72.3 59.3 72.5 59.3 59.3 12:10:28.992
21.163 58.9 58.5 59.6 72.3 59.3 72.5 59.3 59.3 12:10:29.163
21.333 59.0 58.5 59.6 72.3 59.3 72.6 59.3 59.3 12:10:29.333
21.504 59.0 58.5 59.6 72.3 59.3 72.6 59.3 59.3 12:10:29.504
21.675 58.9 58.5 59.6 72.3 59.3 72.6 59.3 59.3 12:10:29.675
21.845 59.0 58.5 59.6 72.3 59.3 72.7 59.3 59.3 12:10:29.845
22.016 58.9 58.5 59.6 72.3 59.3 72.7 59.3 59.3 12:10:30.016
22.187 58.8 58.5 59.6 72.3 59.3 72.7 59.3 59.3 12:10:30.187
22.357 58.9 58.5 59.6 72.3 59.3 72.8 59.3 59.3 12:10:30.357
22.528 59.0 58.5 59.6 72.3 59.3 72.8 59.3 59.3 12:10:30.528
22.699 58.9 58.5 59.6 72.3 59.3 72.8 59.3 59.3 12:10:30.699
22.869 58.8 58.5 59.6 72.3 59.3 72.9 59.3 59.3 12:10:30.869
23.040 58.6 58.5 59.6 72.3 59.3 72.9 59.3 59.3 12:10:31.040
23.211 58.8 58.5 59.6 72.3 59.3 72.9 59.3 59.3 12:10:31.211
23.381 58.8 58.5 59.6 72.3 59.3 73.0 59.3 59.3 12:10:31.381
23.552 58.9 58.5 59.6 72.3 59.3 73.0 59.3 59.3 12:10:31.552
23.723 59.0 58.5 59.6 72.3 59.3 73.0 59.3 59.3 12:10:31.723
23.893 58.8 58.5 59.6 72.3 59.3 73.1 59.3 59.3 12:10:31.893
24.064 58.9 58.5 59.6 72.3 59.3 73.1 59.3 59.3 12:10:32.064
24.235 58.8 58.5 59.6 72.3 59.3 73.1 59.3 59.3 12:10:32.235
24.405 58.9 58.5 59.6 72.3 59.3 73.2 59.3 59.3 12:10:32.405
24.576 59.0 58.5 59.6 72.3 59.3 73.2 59.3 59.3 12:10:32.576
24.747 59.1 58.5 59.6 72.3 59.3 73.2 59.3 59.3 12:10:32.747
24.917 59.1 58.5 59.6 72.3 59.3 73.3 59.3 59.3 12:10:32.917
25.088 59.1 58.5 59.6 72.3 59.3 73.3 59.3 59.3 12:10:33.088
25.259 59.2 58.5 59.6 72.3 59.3 73.3 59.3 59.3 12:10:33.259
25.429 59.2 58.5 59.6 72.3 59.3 73.3 59.3 59.3 12:10:33.429
25.600 59.0 58.5 59.6 72.3 59.3 73.4 59.3 59.3 12:10:33.600
25.771 59.0 58.5 59.6 72.3 59.3 73.4 59.3 59.3 12:10:33.771
25.941 58.7 58.5 59.6 72.3 59.3 73.4 59.3 59.3 12:10:33.941
26.112 58.8 58.5 59.6 72.3 59.3 73.5 59.3 59.3 12:10:34.112
26.283 58.9 58.5 59.6 72.3 59.3 73.5 59.3 59.3 12:10:34.283
26.453 58.8 58.5 59.6 72.3 59.3 73.5 59.3 59.3 12:10:34.453
26.624 58.9 58.5 59.6 72.3 59.3 73.5 59.3 59.3 12:10:34.624
26.795 58.9 58.5 59.6 72.3 59.3 73.6 59.3 59.3 12:10:34.795
26.965 59.0 58.5 59.6 72.3 59.3 73.6 59.3 59.3 12:10:34.965
27.136 58.9 58.5 59.6 72.3 59.3 73.6 59.3 59.3 12:10:35.136
27.307 59.0 58.5 59.6 72.3 59.3 73.7 59.3 59.3 12:10:35.307
27.477 59.1 58.5 59.6 72.3 59.3 73.7 59.3 59.3 12:10:35.477
27.648 59.1 58.5 59.6 72.3 59.3 73.7 59.3 59.3 12:10:35.648
27.819 59.2 58.5 59.6 72.3 59.3 73.7 59.3 59.3 12:10:35.819
27.989 58.9 58.5 59.6 72.3 59.3 73.8 59.3 59.3 12:10:35.989
28.160 58.8 58.5 59.6 72.3 59.3 73.8 59.3 59.3 12:10:36.160
28.331 58.7 58.5 59.6 72.3 59.3 73.8 59.3 59.3 12:10:36.331
28.501 58.8 58.5 59.6 72.3 59.3 73.8 59.3 59.3 12:10:36.501
28.672 58.9 58.5 59.6 72.3 59.3 73.9 59.3 59.3 12:10:36.672
28.843 58.8 58.5 59.6 72.3 59.3 73.9 59.3 59.3 12:10:36.843
29.013 58.9 58.5 59.6 72.3 59.3 73.9 59.3 59.3 12:10:37.013
29.184 59.0 58.5 59.6 72.3 59.3 73.9 59.3 59.3 12:10:37.184
29.355 59.0 58.5 59.6 72.3 59.3 74.0 59.3 59.3 12:10:37.355
29.525 59.1 58.5 59.6 72.3 59.3 74.0 59.3 59.3 12:10:37.525
29.696 59.1 58.5 59.6 72.3 59.3 74.0 59.3 59.3 12:10:37.696
29.867 59.2 58.5 59.6 72.3 59.3 74.0 59.3 59.3 12:10:37.867
30.037 59.3 58.5 59.6 72.3 59.3 74.1 59.3 59.3 12:10:38.037
30.208 59.1 58.5 59.6 72.3 59.3 74.1 59.3 59.3 12:10:38.208
30.379 58.7 58.5 59.6 72.3 59.3 74.1 59.3 59.3 12:10:38.379
30.549 58.8 58.5 59.6 72.3 59.3 74.1 59.3 59.3 12:10:38.549
30.720 58.8 58.5 59.6 72.3 59.3 74.2 59.3 59.3 12:10:38.720
30.891 58.9 58.5 59.6 72.3 59.3 74.2 59.3 59.3 12:10:38.891
31.061 58.9 58.5 59.6 72.3 59.3 74.2 59.3 59.3 12:10:39.061
31.232 59.0 58.5 59.6 72.3 59.3 74.2 59.3 59.3 12:10:39.232
31.403 58.9 58.5 59.6 72.3 59.3 74.3 59.3 59.3 12:10:39.403
31.573 58.9 58.5 59.6 72.3 59.3 74.3 59.3 59.3 12:10:39.573
31.744 58.9 58.5 59.6 72.3 59.3 74.3 59.3 59.3 12:10:39.744
31.915 59.0 58.5 59.6 72.3 59.3 74.3 59.3 59.3 12:10:39.915
32.085 59.0 58.5 59.6 72.3 59.3 74.4 59.3 59.3 12:10:40.085
32.256 58.8 58.5 59.6 72.3 59.3 74.4 59.3 59.3 12:10:40.256
32.427 58.9 58.5 59.6 72.3 59.3 74.4 59.3 59.3 12:10:40.427
32.597 58.8 58.5 59.6 72.3 59.3 74.4 59.3 59.3 12:10:40.597
32.768 58.8 58.5 59.6 72.3 59.3 74.4 59.3 59.3 12:10:40.768
32.939 58.8 58.5 59.6 72.3 59.3 74.5 59.3 59.3 12:10:40.939
33.109 58.9 58.5 59.6 72.3 59.3 74.5 59.3 59.3 12:10:41.109
33.280 59.0 58.5 59.6 72.3 59.3 74.5 59.3 59.3 12:10:41.280
33.451 59.0 58.5 59.6 72.3 59.3 74.5 59.3 59.3 12:10:41.451
33.621 59.1 58.5 59.6 72.3 59.3 74.6 59.3 59.3 12:10:41.621
33.792 58.6 58.5 59.6 72.3 59.3 74.6 59.3 59.3 12:10:41.792
33.963 58.7 58.5 59.6 72.3 59.3 74.6 59.3 59.3 12:10:41.963
34.133 58.8 58.5 59.6 72.3 59.3 74.6 59.3 59.3 12:10:42.133
34.304 59.0 58.5 59.6 72.3 59.3 74.6 59.3 59.3 12:10:42.304
34.475 59.0 58.5 59.6 72.3 59.3 74.7 59.3 59.3 12:10:42.475
34.645 59.1 58.5 59.6 72.3 59.3 74.7 59.3 59.3 12:10:42.645
34.816 59.1 58.5 59.6 72.3 59.3 74.7 59.3 59.3 12:10:42.816
34.987 59.1 58.5 59.6 72.3 59.3 74.7 59.3 59.3 12:10:42.987
35.157 59.0 58.5 59.6 72.3 59.3 74.8 59.3 59.3 12:10:43.157
35.328 59.1 58.5 59.6 72.3 59.3 74.8 59.3 59.3 12:10:43.328
35.499 59.2 58.5 59.6 72.3 59.3 74.8 59.3 59.3 12:10:43.499
35.669 59.1 58.5 59.6 72.3 59.3 74.8 59.3 59.3 12:10:43.669
35.840 59.0 58.5 59.6 72.3 59.3 74.8 59.3 59.3 12:10:43.840
36.011 58.8 58.5 59.6 72.3 59.3 74.9 59.3 59.3 12:10:44.011
36.181 58.9 58.5 59.6 72.3 59.3 74.9 59.3 59.3 12:10:44.181
36.352 58.8 58.5 59.6 72.3 59.3 74.9 59.3 59.3 12:10:44.352
36.523 58.9 58.5 59.6 72.3 59.3 74.9 59.3 59.3 12:10:44.523
36.693 58.9 58.5 59.6 72.3 59.3 74.9 59.3 59.3 12:10:44.693
36.864 59.0 58.5 59.6 72.3 59.3 75.0 59.3 59.3 12:10:44.864
37.035 59.1 58.5 59.6 72.3 59.3 75.0 59.3 59.3 12:10:45.035
37.205 59.1 58.5 59.6 72.3 59.3 75.0 59.3 59.3 12:10:45.205
37.376 59.2 58.5 59.6 72.3 59.3 75.0 59.3 59.3 12:10:45.376
37.547 59.0 58.5 59.6 72.3 59.3 75.0 59.3 59.3 12:10:45.547
37.717 59.1 58.5 59.6 72.3 59.3 75.1 59.3 59.3 12:10:45.717
37.888 59.0 58.5 59.6 72.3 59.3 75.1 59.3 59.3 12:10:45.888
38.059 59.1 58.5 59.6 72.3 59.3 75.1 59.3 59.3 12:10:46.059
38.229 58.9 58.5 59.6 72.3 59.3 75.1 59.3 59.3 12:10:46.229
38.400 59.0 58.5 59.6 72.3 59.3 75.1 59.3 59.3 12:10:46.400
38.571 58.8 58.5 59.6 72.3 59.3 75.2 59.3 59.3 12:10:46.571
38.741 58.7 58.5 59.6 72.3 59.3 75.2 59.3 59.3 12:10:46.741
38.912 58.8 58.5 59.6 72.8 59.3 75.2 59.3 59.3 12:10:46.912
39.083 58.9 58.5 59.6 72.8 59.3 75.2 59.3 59.3 12:10:47.083
39.253 59.0 58.5 59.6 72.8 59.3 75.2 59.3 59.3 12:10:47.253
39.424 58.9 58.5 59.6 72.8 59.3 75.3 59.3 59.3 12:10:47.424
39.595 58.7 58.5 59.6 72.8 59.3 75.3 59.3 59.3 12:10:47.595
39.765 58.9 58.5 59.6 72.8 59.3 75.3 59.3 59.3 12:10:47.765
39.936 58.7 58.5 59.6 72.8 59.3 75.3 59.3 59.3 12:10:47.936
40.107 58.8 58.5 59.6 72.8 59.3 75.3 59.3 59.3 12:10:48.107
40.277 58.9 58.5 59.6 72.8 59.3 75.3 59.3 59.3 12:10:48.277
40.448 58.7 58.5 59.6 72.8 59.3 75.4 59.3 59.3 12:10:48.448
40.619 58.9 58.5 59.6 72.8 59.3 75.4 59.3 59.3 12:10:48.619
40.789 58.9 58.5 59.6 72.8 59.3 75.4 59.3 59.3 12:10:48.789
40.960 58.8 58.5 59.6 72.8 59.3 75.4 59.3 59.3 12:10:48.960
41.131 58.9 58.5 59.6 72.8 59.3 75.4 59.3 59.3 12:10:49.131
41.301 59.0 58.5 59.6 72.8 59.3 75.5 59.3 59.3 12:10:49.301
41.472 58.8 58.5 59.6 72.8 59.3 75.5 59.3 59.3 12:10:49.472
41.643 58.9 58.5 59.6 72.8 59.3 75.5 59.3 59.3 12:10:49.643
41.813 58.9 58.5 59.6 72.8 59.3 75.5 59.3 59.3 12:10:49.813
41.984 58.9 58.5 59.6 72.8 59.3 75.5 59.3 59.3 12:10:49.984
42.155 59.0 58.5 59.6 72.8 59.3 75.5 59.3 59.3 12:10:50.155
42.325 58.9 58.5 59.6 72.8 59.3 75.6 59.3 59.3 12:10:50.325
42.496 58.9 58.5 59.6 72.8 59.3 75.6 59.3 59.3 12:10:50.496
42.667 59.0 58.5 59.6 72.8 59.3 75.6 59.3 59.3 12:10:50.667
42.837 59.1 58.5 59.6 72.8 59.3 75.6 59.3 59.3 12:10:50.837
43.008 59.2 58.5 59.6 72.8 59.3 75.6 59.3 59.3 12:10:51.008
43.179 59.0 58.5 59.6 72.8 59.3 75.7 59.3 59.3 12:10:51.179
43.349 59.1 58.5 59.6 72.8 59.3 75.7 59.3 59.3 12:10:51.349
43.520 59.0 58.5 59.6 72.8 59.3 75.7 59.3 59.3 12:10:51.520
43.691 58.8 58.5 59.6 72.8 59.3 75.7 59.3 59.3 12:10:51.691
43.861 58.9 58.5 59.6 72.8 59.3 75.7 59.3 59.3 12:10:51.861
44.032 59.0 58.5 59.6 72.8 59.3 75.7 59.3 59.3 12:10:52.032
44.203 59.1 58.5 59.6 72.8 59.3 75.8 59.3 59.3 12:10:52.203
44.373 59.2 58.5 59.6 72.8 59.3 75.8 59.3 59.3 12:10:52.373
44.544 59.0 58.5 59.6 72.8 59.3 75.8 59.3 59.3 12:10:52.544
44.715 58.9 58.5 59.6 72.8 59.3 75.8 59.3 59.3 12:10:52.715
44.885 58.7 58.5 59.6 72.8 59.3 75.8 59.3 59.3 12:10:52.885
45.056 58.8 58.5 59.6 72.8 59.3 75.8 59.3 59.3 12:10:53.056
45.227 58.9 58.5 59.6 72.8 59.3 75.9 59.3 59.3 12:10:53.227

