SPL log data saved by REW V5.20.4
Soundcard cal: 
Mic/meter cal: 
SPL cal offset: 106.9420265197754 dB
High Pass Filter: Off
Date: May 21, 2022 11:26:58 AM
Start: 1653132418245
Log length: 315 entries over 53.8s
Log interval: 0.17066666666666666 seconds

Time[s] LCS LCSMin LCSMax LZpeak LCeq LCE LCeq1m LCeq10m
0.171 43.0 42.7 43.0 67.6 44.4 36.7 44.4 44.4 11:26:58.171
0.341 42.9 42.6 43.0 67.6 44.3 39.6 44.3 44.3 11:26:58.341
0.512 42.2 42.2 43.0 67.6 43.1 40.2 43.1 43.1 11:26:58.512
0.683 41.8 41.7 43.0 67.6 42.8 41.2 42.8 42.8 11:26:58.683
0.853 41.1 41.1 43.0 67.6 42.1 41.4 42.1 42.1 11:26:58.853
1.024 40.4 40.4 43.0 67.6 41.5 41.6 41.5 41.5 11:26:59.024
1.195 39.6 39.6 43.0 67.6 41.1 41.8 41.1 41.1 11:26:59.195
1.365 38.9 38.9 43.0 67.6 40.7 42.0 40.7 40.7 11:26:59.365
1.536 38.2 38.2 43.0 67.6 40.3 42.2 40.3 40.3 11:26:59.536
1.707 37.4 37.4 43.0 67.6 40.1 42.4 40.1 40.1 11:26:59.707
1.877 36.7 36.7 43.0 67.6 39.8 42.5 39.8 39.8 11:26:59.877
2.048 36.2 36.2 43.0 67.6 39.6 42.7 39.6 39.6 11:27:00.048
2.219 35.5 35.5 43.0 67.6 39.4 42.8 39.4 39.4 11:27:00.219
2.389 35.4 35.4 43.0 67.6 39.2 43.0 39.2 39.2 11:27:00.389
2.560 35.2 35.2 43.0 67.6 39.0 43.1 39.0 39.0 11:27:00.560
2.731 35.3 35.2 43.0 67.6 38.9 43.2 38.9 38.9 11:27:00.731
2.901 35.2 35.2 43.0 67.6 38.7 43.3 38.7 38.7 11:27:00.901
3.072 35.4 35.2 43.0 67.6 38.6 43.5 38.6 38.6 11:27:01.072
3.243 35.2 35.2 43.0 67.6 38.5 43.6 38.5 38.5 11:27:01.243
3.413 35.3 35.2 43.0 67.6 38.4 43.7 38.4 38.4 11:27:01.413
3.584 35.1 35.1 43.0 67.6 38.3 43.8 38.3 38.3 11:27:01.584
3.755 34.9 34.9 43.0 67.6 38.2 43.9 38.2 38.2 11:27:01.755
3.925 35.1 34.9 43.0 67.6 38.1 44.1 38.1 38.1 11:27:01.925
4.096 35.1 34.9 43.0 67.6 38.0 44.2 38.0 38.0 11:27:02.096
4.267 35.2 34.9 43.0 67.6 38.0 44.3 38.0 38.0 11:27:02.267
4.437 35.3 34.9 43.0 67.6 37.9 44.4 37.9 37.9 11:27:02.437
4.608 35.5 34.9 43.0 67.6 37.9 44.5 37.9 37.9 11:27:02.608
4.779 35.6 34.9 43.0 67.6 37.8 44.6 37.8 37.8 11:27:02.779
4.949 35.6 34.9 43.0 67.6 37.7 44.7 37.7 37.7 11:27:02.949
5.120 35.5 34.9 43.0 67.6 37.7 44.8 37.7 37.7 11:27:03.120
5.291 35.5 34.9 43.0 67.6 37.7 44.9 37.7 37.7 11:27:03.291
5.461 35.4 34.9 43.0 67.6 37.6 45.0 37.6 37.6 11:27:03.461
5.632 35.5 34.9 43.0 67.6 37.6 45.1 37.6 37.6 11:27:03.632
5.803 35.7 34.9 43.0 67.6 37.6 45.2 37.6 37.6 11:27:03.803
5.973 35.2 34.9 43.0 67.6 37.5 45.3 37.5 37.5 11:27:03.973
6.144 35.3 34.9 43.0 67.6 37.5 45.4 37.5 37.5 11:27:04.144
6.315 35.4 34.9 43.0 67.6 37.4 45.4 37.4 37.4 11:27:04.315
6.485 35.5 34.9 43.0 67.6 37.4 45.5 37.4 37.4 11:27:04.485
6.656 35.8 34.9 43.0 67.6 37.4 45.6 37.4 37.4 11:27:04.656
6.827 35.6 34.9 43.0 67.6 37.4 45.7 37.4 37.4 11:27:04.827
6.997 35.5 34.9 43.0 67.6 37.3 45.8 37.3 37.3 11:27:04.997
7.168 35.4 34.9 43.0 67.6 37.3 45.9 37.3 37.3 11:27:05.168
7.339 35.0 34.9 43.0 67.6 37.3 45.9 37.3 37.3 11:27:05.339
7.509 35.1 34.9 43.0 67.6 37.2 46.0 37.2 37.2 11:27:05.509
7.680 35.1 34.9 43.0 67.6 37.2 46.1 37.2 37.2 11:27:05.680
7.851 35.1 34.9 43.0 67.6 37.2 46.1 37.2 37.2 11:27:05.851
8.021 35.2 34.9 43.0 67.6 37.1 46.2 37.1 37.1 11:27:06.021
8.192 35.1 34.9 43.0 67.6 37.1 46.3 37.1 37.1 11:27:06.192
8.363 35.2 34.9 43.0 67.6 37.1 46.3 37.1 37.1 11:27:06.363
8.533 35.0 34.9 43.0 67.6 37.1 46.4 37.1 37.1 11:27:06.533
8.704 35.0 34.9 43.0 67.6 37.0 46.4 37.0 37.0 11:27:06.704
8.875 34.8 34.7 43.0 67.6 37.0 46.5 37.0 37.0 11:27:06.875
9.045 34.9 34.7 43.0 67.6 37.0 46.5 37.0 37.0 11:27:07.045
9.216 35.1 34.7 43.0 67.6 37.0 46.6 37.0 37.0 11:27:07.216
9.387 35.2 34.7 43.0 67.6 37.0 46.7 37.0 37.0 11:27:07.387
9.557 35.0 34.7 43.0 67.6 36.9 46.7 36.9 36.9 11:27:07.557
9.728 35.1 34.7 43.0 67.6 36.9 46.8 36.9 36.9 11:27:07.728
9.899 35.1 34.7 43.0 67.6 36.9 46.9 36.9 36.9 11:27:07.899
10.069 35.3 34.7 43.0 67.6 36.9 46.9 36.9 36.9 11:27:08.069
10.240 35.3 34.7 43.0 67.6 36.9 47.0 36.9 36.9 11:27:08.240
10.411 35.1 34.7 43.0 67.6 36.8 47.0 36.8 36.8 11:27:08.411
10.581 35.3 34.7 43.0 67.6 36.8 47.1 36.8 36.8 11:27:08.581
10.752 35.5 34.7 43.0 67.6 36.8 47.1 36.8 36.8 11:27:08.752
10.923 35.6 34.7 43.0 67.6 36.8 47.2 36.8 36.8 11:27:08.923
11.093 35.8 34.7 43.0 67.6 36.8 47.3 36.8 36.8 11:27:09.093
11.264 35.8 34.7 43.0 67.6 36.8 47.3 36.8 36.8 11:27:09.264
11.435 35.4 34.7 43.0 67.6 36.8 47.4 36.8 36.8 11:27:09.435
11.605 35.5 34.7 43.0 67.6 36.8 47.4 36.8 36.8 11:27:09.605
11.776 35.6 34.7 43.0 67.6 36.8 47.5 36.8 36.8 11:27:09.776
11.947 35.4 34.7 43.0 67.6 36.8 47.5 36.8 36.8 11:27:09.947
12.117 35.5 34.7 43.0 67.6 36.7 47.6 36.7 36.7 11:27:10.117
12.288 35.6 34.7 43.0 67.6 36.7 47.6 36.7 36.7 11:27:10.288
12.459 35.7 34.7 43.0 67.6 36.7 47.7 36.7 36.7 11:27:10.459
12.629 35.8 34.7 43.0 67.6 36.7 47.7 36.7 36.7 11:27:10.629
12.800 35.5 34.7 43.0 67.6 36.7 47.8 36.7 36.7 11:27:10.800
12.971 35.3 34.7 43.0 67.6 36.7 47.8 36.7 36.7 11:27:10.971
13.141 35.4 34.7 43.0 67.6 36.7 47.9 36.7 36.7 11:27:11.141
13.312 35.5 34.7 43.0 67.6 36.7 47.9 36.7 36.7 11:27:11.312
13.483 35.1 34.7 43.0 67.6 36.7 48.0 36.7 36.7 11:27:11.483
13.653 35.1 34.7 43.0 67.6 36.7 48.0 36.7 36.7 11:27:11.653
13.824 34.9 34.7 43.0 67.6 36.6 48.0 36.6 36.6 11:27:11.824
13.995 35.1 34.7 43.0 67.6 36.6 48.1 36.6 36.6 11:27:11.995
14.165 35.1 34.7 43.0 67.6 36.6 48.1 36.6 36.6 11:27:12.165
14.336 35.0 34.7 43.0 67.6 36.6 48.2 36.6 36.6 11:27:12.336
14.507 35.0 34.7 43.0 67.6 36.6 48.2 36.6 36.6 11:27:12.507
14.677 35.1 34.7 43.0 67.6 36.6 48.2 36.6 36.6 11:27:12.677
14.848 35.2 34.7 43.0 67.6 36.6 48.3 36.6 36.6 11:27:12.848
15.019 35.4 34.7 43.0 67.6 36.6 48.3 36.6 36.6 11:27:13.019
15.189 35.6 34.7 43.0 67.6 36.6 48.4 36.6 36.6 11:27:13.189
15.360 35.4 34.7 43.0 67.6 36.6 48.4 36.6 36.6 11:27:13.360
15.531 35.4 34.7 43.0 67.6 36.6 48.5 36.6 36.6 11:27:13.531
15.701 35.5 34.7 43.0 67.6 36.5 48.5 36.5 36.5 11:27:13.701
15.872 35.3 34.7 43.0 67.6 36.5 48.5 36.5 36.5 11:27:13.872
16.043 35.1 34.7 43.0 67.6 36.5 48.6 36.5 36.5 11:27:14.043
16.213 35.2 34.7 43.0 67.6 36.5 48.6 36.5 36.5 11:27:14.213
16.384 35.4 34.7 43.0 67.6 36.5 48.7 36.5 36.5 11:27:14.384
16.555 35.3 34.7 43.0 67.6 36.5 48.7 36.5 36.5 11:27:14.555
16.725 35.4 34.7 43.0 67.6 36.5 48.7 36.5 36.5 11:27:14.725
16.896 35.6 34.7 43.0 67.6 36.5 48.8 36.5 36.5 11:27:14.896
17.067 35.8 34.7 43.0 67.6 36.5 48.8 36.5 36.5 11:27:15.067
17.237 35.6 34.7 43.0 67.6 36.5 48.9 36.5 36.5 11:27:15.237
17.408 35.2 34.7 43.0 67.6 36.5 48.9 36.5 36.5 11:27:15.408
17.579 35.0 34.7 43.0 67.6 36.5 48.9 36.5 36.5 11:27:15.579
17.749 35.1 34.7 43.0 67.6 36.5 49.0 36.5 36.5 11:27:15.749
17.920 34.8 34.7 43.0 67.6 36.5 49.0 36.5 36.5 11:27:15.920
18.091 34.9 34.7 43.0 67.6 36.5 49.0 36.5 36.5 11:27:16.091
18.261 34.8 34.7 43.0 67.6 36.5 49.1 36.5 36.5 11:27:16.261
18.432 34.9 34.7 43.0 67.6 36.5 49.1 36.5 36.5 11:27:16.432
18.603 35.1 34.7 43.0 67.6 36.5 49.2 36.5 36.5 11:27:16.603
18.773 35.2 34.7 43.0 67.6 36.4 49.2 36.4 36.4 11:27:16.773
18.944 35.0 34.7 43.0 67.6 36.4 49.2 36.4 36.4 11:27:16.944
19.115 35.1 34.7 43.0 67.6 36.4 49.2 36.4 36.4 11:27:17.115
19.285 35.3 34.7 43.0 67.6 36.4 49.3 36.4 36.4 11:27:17.285
19.456 35.4 34.7 43.0 67.6 36.4 49.3 36.4 36.4 11:27:17.456
19.627 34.9 34.7 43.0 67.6 36.4 49.3 36.4 36.4 11:27:17.627
19.797 34.8 34.7 43.0 67.6 36.4 49.4 36.4 36.4 11:27:17.797
19.968 35.0 34.7 43.0 67.6 36.4 49.4 36.4 36.4 11:27:17.968
20.139 35.1 34.7 43.0 67.6 36.4 49.4 36.4 36.4 11:27:18.139
20.309 34.9 34.7 43.0 67.6 36.4 49.5 36.4 36.4 11:27:18.309
20.480 35.1 34.7 43.0 67.6 36.4 49.5 36.4 36.4 11:27:18.480
20.651 35.1 34.7 43.0 67.6 36.4 49.5 36.4 36.4 11:27:18.651
20.821 35.3 34.7 43.0 67.6 36.4 49.6 36.4 36.4 11:27:18.821
20.992 35.1 34.7 43.0 67.6 36.4 49.6 36.4 36.4 11:27:18.992
21.163 35.1 34.7 43.0 67.6 36.4 49.6 36.4 36.4 11:27:19.163
21.333 35.3 34.7 43.0 67.6 36.4 49.7 36.4 36.4 11:27:19.333
21.504 35.4 34.7 43.0 67.6 36.4 49.7 36.4 36.4 11:27:19.504
21.675 35.0 34.7 43.0 67.6 36.4 49.7 36.4 36.4 11:27:19.675
21.845 34.9 34.7 43.0 67.6 36.3 49.7 36.3 36.3 11:27:19.845
22.016 35.0 34.7 43.0 67.6 36.3 49.8 36.3 36.3 11:27:20.016
22.187 35.2 34.7 43.0 67.6 36.3 49.8 36.3 36.3 11:27:20.187
22.357 35.0 34.7 43.0 67.6 36.3 49.8 36.3 36.3 11:27:20.357
22.528 35.1 34.7 43.0 67.6 36.3 49.9 36.3 36.3 11:27:20.528
22.699 35.2 34.7 43.0 67.6 36.3 49.9 36.3 36.3 11:27:20.699
22.869 35.5 34.7 43.0 67.6 36.3 49.9 36.3 36.3 11:27:20.869
23.040 34.9 34.7 43.0 67.6 36.3 49.9 36.3 36.3 11:27:21.040
23.211 35.1 34.7 43.0 67.6 36.3 50.0 36.3 36.3 11:27:21.211
23.381 35.3 34.7 43.0 67.6 36.3 50.0 36.3 36.3 11:27:21.381
23.552 35.1 34.7 43.0 67.6 36.3 50.0 36.3 36.3 11:27:21.552
23.723 35.2 34.7 43.0 67.6 36.3 50.1 36.3 36.3 11:27:21.723
23.893 35.2 34.7 43.0 67.6 36.3 50.1 36.3 36.3 11:27:21.893
24.064 34.8 34.7 43.0 67.6 36.3 50.1 36.3 36.3 11:27:22.064
24.235 34.9 34.7 43.0 67.6 36.3 50.1 36.3 36.3 11:27:22.235
24.405 35.1 34.7 43.0 67.6 36.3 50.2 36.3 36.3 11:27:22.405
24.576 35.2 34.7 43.0 67.6 36.3 50.2 36.3 36.3 11:27:22.576
24.747 35.4 34.7 43.0 67.6 36.3 50.2 36.3 36.3 11:27:22.747
24.917 35.1 34.7 43.0 67.6 36.3 50.2 36.3 36.3 11:27:22.917
25.088 35.0 34.7 43.0 67.6 36.3 50.3 36.3 36.3 11:27:23.088
25.259 35.2 34.7 43.0 67.6 36.3 50.3 36.3 36.3 11:27:23.259
25.429 35.2 34.7 43.0 67.6 36.3 50.3 36.3 36.3 11:27:23.429
25.600 35.1 34.7 43.0 67.6 36.3 50.3 36.3 36.3 11:27:23.600
25.771 35.2 34.7 43.0 67.6 36.3 50.4 36.3 36.3 11:27:23.771
25.941 35.3 34.7 43.0 67.6 36.3 50.4 36.3 36.3 11:27:23.941
26.112 35.2 34.7 43.0 67.6 36.3 50.4 36.3 36.3 11:27:24.112
26.283 35.2 34.7 43.0 67.6 36.3 50.4 36.3 36.3 11:27:24.283
26.453 35.3 34.7 43.0 67.6 36.2 50.5 36.2 36.2 11:27:24.453
26.624 35.0 34.7 43.0 67.6 36.2 50.5 36.2 36.2 11:27:24.624
26.795 35.1 34.7 43.0 67.6 36.2 50.5 36.2 36.2 11:27:24.795
26.965 35.1 34.7 43.0 67.6 36.2 50.5 36.2 36.2 11:27:24.965
27.136 35.3 34.7 43.0 67.6 36.2 50.6 36.2 36.2 11:27:25.136
27.307 35.1 34.7 43.0 67.6 36.2 50.6 36.2 36.2 11:27:25.307
27.477 35.1 34.7 43.0 67.6 36.2 50.6 36.2 36.2 11:27:25.477
27.648 35.2 34.7 43.0 67.6 36.2 50.6 36.2 36.2 11:27:25.648
27.819 35.3 34.7 43.0 67.6 36.2 50.7 36.2 36.2 11:27:25.819
27.989 35.4 34.7 43.0 67.6 36.2 50.7 36.2 36.2 11:27:25.989
28.160 35.0 34.7 43.0 67.6 36.2 50.7 36.2 36.2 11:27:26.160
28.331 34.9 34.7 43.0 67.6 36.2 50.7 36.2 36.2 11:27:26.331
28.501 34.9 34.7 43.0 67.6 36.2 50.7 36.2 36.2 11:27:26.501
28.672 35.1 34.7 43.0 67.6 36.2 50.8 36.2 36.2 11:27:26.672
28.843 35.3 34.7 43.0 67.6 36.2 50.8 36.2 36.2 11:27:26.843
29.013 35.1 34.7 43.0 67.6 36.2 50.8 36.2 36.2 11:27:27.013
29.184 35.0 34.7 43.0 67.6 36.2 50.8 36.2 36.2 11:27:27.184
29.355 35.1 34.7 43.0 67.6 36.2 50.9 36.2 36.2 11:27:27.355
29.525 34.9 34.7 43.0 67.6 36.2 50.9 36.2 36.2 11:27:27.525
29.696 34.7 34.7 43.0 67.6 36.2 50.9 36.2 36.2 11:27:27.696
29.867 35.0 34.7 43.0 67.6 36.2 50.9 36.2 36.2 11:27:27.867
30.037 35.2 34.7 43.0 67.6 36.2 51.0 36.2 36.2 11:27:28.037
30.208 35.3 34.7 43.0 67.6 36.2 51.0 36.2 36.2 11:27:28.208
30.379 35.5 34.7 43.0 67.6 36.2 51.0 36.2 36.2 11:27:28.379
30.549 35.7 34.7 43.0 67.6 36.2 51.0 36.2 36.2 11:27:28.549
30.720 35.3 34.7 43.0 67.6 36.2 51.1 36.2 36.2 11:27:28.720
30.891 34.8 34.7 43.0 67.6 36.2 51.1 36.2 36.2 11:27:28.891
31.061 35.0 34.7 43.0 67.6 36.2 51.1 36.2 36.2 11:27:29.061
31.232 35.2 34.7 43.0 67.6 36.2 51.1 36.2 36.2 11:27:29.232
31.403 35.4 34.7 43.0 67.6 36.2 51.1 36.2 36.2 11:27:29.403
31.573 35.0 34.7 43.0 67.6 36.2 51.2 36.2 36.2 11:27:29.573
31.744 34.9 34.7 43.0 67.6 36.2 51.2 36.2 36.2 11:27:29.744
31.915 35.0 34.7 43.0 67.6 36.2 51.2 36.2 36.2 11:27:29.915
32.085 35.1 34.7 43.0 67.6 36.2 51.2 36.2 36.2 11:27:30.085
32.256 35.0 34.7 43.0 67.6 36.2 51.2 36.2 36.2 11:27:30.256
32.427 35.2 34.7 43.0 67.6 36.2 51.3 36.2 36.2 11:27:30.427
32.597 35.2 34.7 43.0 67.6 36.2 51.3 36.2 36.2 11:27:30.597
32.768 35.0 34.7 43.0 67.6 36.1 51.3 36.1 36.1 11:27:30.768
32.939 35.1 34.7 43.0 67.6 36.1 51.3 36.1 36.1 11:27:30.939
33.109 35.3 34.7 43.0 67.6 36.1 51.3 36.1 36.1 11:27:31.109
33.280 35.4 34.7 43.0 67.6 36.1 51.4 36.1 36.1 11:27:31.280
33.451 35.5 34.7 43.0 67.6 36.1 51.4 36.1 36.1 11:27:31.451
33.621 35.3 34.7 43.0 67.6 36.1 51.4 36.1 36.1 11:27:31.621
33.792 35.5 34.7 43.0 67.6 36.1 51.4 36.1 36.1 11:27:31.792
33.963 35.3 34.7 43.0 67.6 36.1 51.5 36.1 36.1 11:27:31.963
34.133 35.4 34.7 43.0 67.6 36.1 51.5 36.1 36.1 11:27:32.133
34.304 35.5 34.7 43.0 67.6 36.1 51.5 36.1 36.1 11:27:32.304
34.475 35.3 34.7 43.0 67.6 36.1 51.5 36.1 36.1 11:27:32.475
34.645 35.2 34.7 43.0 67.6 36.1 51.5 36.1 36.1 11:27:32.645
34.816 35.3 34.7 43.0 67.6 36.1 51.6 36.1 36.1 11:27:32.816
34.987 35.5 34.7 43.0 67.6 36.1 51.6 36.1 36.1 11:27:32.987
35.157 35.7 34.7 43.0 67.6 36.1 51.6 36.1 36.1 11:27:33.157
35.328 35.5 34.7 43.0 67.6 36.1 51.6 36.1 36.1 11:27:33.328
35.499 35.3 34.7 43.0 67.6 36.1 51.6 36.1 36.1 11:27:33.499
35.669 35.4 34.7 43.0 67.6 36.1 51.7 36.1 36.1 11:27:33.669
35.840 35.2 34.7 43.0 67.6 36.1 51.7 36.1 36.1 11:27:33.840
36.011 34.8 34.7 43.0 67.6 36.1 51.7 36.1 36.1 11:27:34.011
36.181 35.0 34.7 43.0 67.6 36.1 51.7 36.1 36.1 11:27:34.181
36.352 35.1 34.7 43.0 67.6 36.1 51.7 36.1 36.1 11:27:34.352
36.523 35.2 34.7 43.0 67.6 36.1 51.7 36.1 36.1 11:27:34.523
36.693 35.3 34.7 43.0 67.6 36.1 51.8 36.1 36.1 11:27:34.693
36.864 35.4 34.7 43.0 67.6 36.1 51.8 36.1 36.1 11:27:34.864
37.035 35.5 34.7 43.0 67.6 36.1 51.8 36.1 36.1 11:27:35.035
37.205 35.5 34.7 43.0 67.6 36.1 51.8 36.1 36.1 11:27:35.205
37.376 35.4 34.7 43.0 67.6 36.1 51.8 36.1 36.1 11:27:35.376
37.547 35.5 34.7 43.0 67.6 36.1 51.9 36.1 36.1 11:27:35.547
37.717 35.6 34.7 43.0 67.6 36.1 51.9 36.1 36.1 11:27:35.717
37.888 35.0 34.7 43.0 67.6 36.1 51.9 36.1 36.1 11:27:35.888
38.059 35.0 34.7 43.0 67.6 36.1 51.9 36.1 36.1 11:27:36.059
38.229 35.1 34.7 43.0 67.6 36.1 51.9 36.1 36.1 11:27:36.229
38.400 35.2 34.7 43.0 67.6 36.1 51.9 36.1 36.1 11:27:36.400
38.571 35.2 34.7 43.0 67.6 36.1 52.0 36.1 36.1 11:27:36.571
38.741 34.9 34.7 43.0 67.6 36.1 52.0 36.1 36.1 11:27:36.741
38.912 35.0 34.7 43.0 67.6 36.1 52.0 36.1 36.1 11:27:36.912
39.083 34.9 34.7 43.0 67.6 36.1 52.0 36.1 36.1 11:27:37.083
39.253 35.2 34.7 43.0 67.6 36.1 52.0 36.1 36.1 11:27:37.253
39.424 35.1 34.7 43.0 67.6 36.1 52.1 36.1 36.1 11:27:37.424
39.595 35.2 34.7 43.0 67.6 36.1 52.1 36.1 36.1 11:27:37.595
39.765 35.2 34.7 43.0 67.6 36.1 52.1 36.1 36.1 11:27:37.765
39.936 35.0 34.7 43.0 67.6 36.1 52.1 36.1 36.1 11:27:37.936
40.107 35.2 34.7 43.0 67.6 36.1 52.1 36.1 36.1 11:27:38.107
40.277 35.2 34.7 43.0 67.6 36.1 52.1 36.1 36.1 11:27:38.277
40.448 35.2 34.7 43.0 67.6 36.1 52.2 36.1 36.1 11:27:38.448
40.619 35.5 34.7 43.0 67.6 36.1 52.2 36.1 36.1 11:27:38.619
40.789 35.3 34.7 43.0 67.6 36.1 52.2 36.1 36.1 11:27:38.789
40.960 35.1 34.7 43.0 67.6 36.1 52.2 36.1 36.1 11:27:38.960
41.131 35.3 34.7 43.0 67.6 36.1 52.2 36.1 36.1 11:27:39.131
41.301 35.2 34.7 43.0 67.6 36.1 52.2 36.1 36.1 11:27:39.301
41.472 35.3 34.7 43.0 67.6 36.1 52.3 36.1 36.1 11:27:39.472
41.643 35.4 34.7 43.0 67.6 36.1 52.3 36.1 36.1 11:27:39.643
41.813 35.5 34.7 43.0 67.6 36.1 52.3 36.1 36.1 11:27:39.813
41.984 35.3 34.7 43.0 67.6 36.1 52.3 36.1 36.1 11:27:39.984
42.155 35.2 34.7 43.0 67.6 36.1 52.3 36.1 36.1 11:27:40.155
42.325 35.0 34.7 43.0 67.6 36.1 52.3 36.1 36.1 11:27:40.325
42.496 35.2 34.7 43.0 67.6 36.1 52.4 36.1 36.1 11:27:40.496
42.667 35.4 34.7 43.0 67.6 36.1 52.4 36.1 36.1 11:27:40.667
42.837 35.2 34.7 43.0 67.6 36.1 52.4 36.1 36.1 11:27:40.837
43.008 35.3 34.7 43.0 67.6 36.1 52.4 36.1 36.1 11:27:41.008
43.179 35.2 34.7 43.0 67.6 36.1 52.4 36.1 36.1 11:27:41.179
43.349 35.1 34.7 43.0 67.6 36.1 52.4 36.1 36.1 11:27:41.349
43.520 35.3 34.7 43.0 67.6 36.1 52.5 36.1 36.1 11:27:41.520
43.691 35.3 34.7 43.0 67.6 36.1 52.5 36.1 36.1 11:27:41.691
43.861 35.3 34.7 43.0 67.6 36.1 52.5 36.1 36.1 11:27:41.861
44.032 35.3 34.7 43.0 67.6 36.1 52.5 36.1 36.1 11:27:42.032
44.203 35.2 34.7 43.0 67.6 36.1 52.5 36.1 36.1 11:27:42.203
44.373 35.3 34.7 43.0 67.6 36.1 52.5 36.1 36.1 11:27:42.373
44.544 35.4 34.7 43.0 67.6 36.1 52.6 36.1 36.1 11:27:42.544
44.715 35.2 34.7 43.0 67.6 36.1 52.6 36.1 36.1 11:27:42.715
44.885 35.2 34.7 43.0 67.6 36.1 52.6 36.1 36.1 11:27:42.885
45.056 35.1 34.7 43.0 67.6 36.1 52.6 36.1 36.1 11:27:43.056
45.227 35.2 34.7 43.0 67.6 36.1 52.6 36.1 36.1 11:27:43.227
45.397 35.4 34.7 43.0 67.6 36.1 52.6 36.1 36.1 11:27:43.397
45.568 35.4 34.7 43.0 67.6 36.1 52.6 36.1 36.1 11:27:43.568
45.739 35.5 34.7 43.0 67.6 36.1 52.7 36.1 36.1 11:27:43.739
45.909 36.1 34.7 43.0 67.6 36.1 52.7 36.1 36.1 11:27:43.909
46.080 36.4 34.7 43.0 67.6 36.1 52.7 36.1 36.1 11:27:44.080
46.251 36.2 34.7 43.0 67.6 36.1 52.7 36.1 36.1 11:27:44.251
46.421 35.5 34.7 43.0 67.6 36.1 52.7 36.1 36.1 11:27:44.421
46.592 35.6 34.7 43.0 67.6 36.1 52.8 36.1 36.1 11:27:44.592
46.763 35.6 34.7 43.0 67.6 36.1 52.8 36.1 36.1 11:27:44.763
46.933 35.7 34.7 43.0 67.6 36.1 52.8 36.1 36.1 11:27:44.933
47.104 35.3 34.7 43.0 67.6 36.1 52.8 36.1 36.1 11:27:45.104
47.275 35.4 34.7 43.0 67.6 36.1 52.8 36.1 36.1 11:27:45.275
47.445 35.2 34.7 43.0 67.6 36.1 52.8 36.1 36.1 11:27:45.445
47.616 35.3 34.7 43.0 67.6 36.1 52.9 36.1 36.1 11:27:45.616
47.787 35.4 34.7 43.0 67.6 36.1 52.9 36.1 36.1 11:27:45.787
47.957 35.4 34.7 43.0 67.6 36.1 52.9 36.1 36.1 11:27:45.957
48.128 35.6 34.7 43.0 67.6 36.1 52.9 36.1 36.1 11:27:46.128
48.299 35.4 34.7 43.0 67.6 36.1 52.9 36.1 36.1 11:27:46.299
48.469 34.9 34.7 43.0 67.6 36.1 52.9 36.1 36.1 11:27:46.469
48.640 35.1 34.7 43.0 67.6 36.1 52.9 36.1 36.1 11:27:46.640
48.811 35.2 34.7 43.0 67.6 36.1 53.0 36.1 36.1 11:27:46.811
48.981 35.0 34.7 43.0 67.6 36.1 53.0 36.1 36.1 11:27:46.981
49.152 35.2 34.7 43.0 67.6 36.1 53.0 36.1 36.1 11:27:47.152
49.323 35.2 34.7 43.0 67.6 36.1 53.0 36.1 36.1 11:27:47.323
49.493 35.1 34.7 43.0 67.6 36.1 53.0 36.1 36.1 11:27:47.493
49.664 35.2 34.7 43.0 67.6 36.1 53.0 36.1 36.1 11:27:47.664
49.835 35.3 34.7 43.0 67.6 36.1 53.0 36.1 36.1 11:27:47.835
50.005 34.9 34.7 43.0 67.6 36.1 53.1 36.1 36.1 11:27:48.005
50.176 35.0 34.7 43.0 67.6 36.1 53.1 36.1 36.1 11:27:48.176
50.347 35.0 34.7 43.0 67.6 36.1 53.1 36.1 36.1 11:27:48.347
50.517 35.1 34.7 43.0 67.6 36.1 53.1 36.1 36.1 11:27:48.517
50.688 35.0 34.7 43.0 67.6 36.1 53.1 36.1 36.1 11:27:48.688
50.859 35.0 34.7 43.0 67.6 36.1 53.1 36.1 36.1 11:27:48.859
51.029 35.1 34.7 43.0 67.6 36.1 53.1 36.1 36.1 11:27:49.029
51.200 34.9 34.7 43.0 67.6 36.1 53.1 36.1 36.1 11:27:49.200
51.371 35.0 34.7 43.0 67.6 36.0 53.2 36.0 36.0 11:27:49.371
51.541 35.2 34.7 43.0 67.6 36.0 53.2 36.0 36.0 11:27:49.541
51.712 35.2 34.7 43.0 67.6 36.0 53.2 36.0 36.0 11:27:49.712
51.883 35.3 34.7 43.0 67.6 36.0 53.2 36.0 36.0 11:27:49.883
52.053 35.1 34.7 43.0 67.6 36.0 53.2 36.0 36.0 11:27:50.053
52.224 35.1 34.7 43.0 67.6 36.0 53.2 36.0 36.0 11:27:50.224
52.395 34.9 34.7 43.0 67.6 36.0 53.2 36.0 36.0 11:27:50.395
52.565 34.8 34.7 43.0 67.6 36.0 53.2 36.0 36.0 11:27:50.565
52.736 35.0 34.7 43.0 67.6 36.0 53.3 36.0 36.0 11:27:50.736
52.907 35.1 34.7 43.0 67.6 36.0 53.3 36.0 36.0 11:27:50.907
53.077 35.2 34.7 43.0 67.6 36.0 53.3 36.0 36.0 11:27:51.077
53.248 35.3 34.7 43.0 67.6 36.0 53.3 36.0 36.0 11:27:51.248
53.419 34.6 34.6 43.0 67.6 36.0 53.3 36.0 36.0 11:27:51.419
53.589 34.7 34.6 43.0 67.6 36.0 53.3 36.0 36.0 11:27:51.589
53.760 34.9 34.6 43.0 67.6 36.0 53.3 36.0 36.0 11:27:51.760

